영화명,감독,배급사,개봉일,영화형태,국적,전국 스크린수,전국 매출액,전국 관객수,서울 매출액,서울 관객수,장르,등급,영화구분
명량,김한민,(주)씨제이이엔엠,2014-07-30,장편,한국,1587,135748398910,17613682,"33,121,225,810","4,163,666",사극,15세관람가,일반영화
극한직업,이병헌,(주)씨제이이엔엠,2019-01-23,장편,한국,1978,139647979516,16264944,"31,858,660,536","3,638,287",코미디,15세관람가,일반영화
신과함께-죄와 벌,김용화,롯데쇼핑㈜롯데엔터테인먼트,2017-12-20,장편,한국,1912,115698654137,14410754,"27,530,825,087","3,346,172",판타지,12세관람가,일반영화
국제시장,윤제균,(주)씨제이이엔엠,2014-12-17,장편,한국,966,110828014630,14245998,"25,842,519,330","3,233,946",드라마,12세관람가,일반영화
어벤져스: 엔드게임,"안소니 루소,조 루소",월트디즈니컴퍼니코리아 유한책임회사,2019-04-24,장편,미국,2835,122182694160,13934592,"33,577,136,860","3,597,963",액션,12세관람가,일반영화
겨울왕국 2,"크리스 벅,제니퍼 리",월트디즈니컴퍼니코리아 유한책임회사,2019-11-21,장편,미국,2648,114810421450,13747792,"28,824,682,580","3,225,974",애니메이션,전체관람가,일반영화
아바타,제임스 카메론,주식회사 해리슨앤컴퍼니,2009-12-17,장편,미국,912,128447097523,13624328,"40,547,523,000","3,993,374",SF,12세관람가,독립/예술영화
베테랑,류승완,(주)씨제이이엔엠,2015-08-05,장편,한국,1064,105024756250,13395400,"26,766,369,950","3,290,366",액션,15세관람가,일반영화
괴물,봉준호,(주)쇼박스,2006-07-27,장편,한국,0,0,13019740,0,"3,571,254",SF,12세관람가,일반영화
도둑들,최동훈,(주)쇼박스,2012-07-25,장편,한국,1072,93665568500,12983330,"26,089,426,500","3,468,906",액션,15세관람가,일반영화
7번방의 선물,이환경,(주)넥스트엔터테인먼트월드(NEW),2013-01-23,장편,한국,787,91431914670,12811206,"22,800,931,670","3,070,053",코미디,15세관람가,일반영화
암살,최동훈,(주)쇼박스,2015-07-22,장편,한국,1519,98463132781,12705700,"25,306,651,181","3,155,960",액션,15세관람가,일반영화
범죄도시2,이상용,주식회사 에이비오엔터테인먼트,2022-05-18,장편,한국,2498,131293353478,12692959,"29,072,759,869","2,755,760",범죄,15세관람가,일반영화
알라딘,가이 리치,월트디즈니컴퍼니코리아 유한책임회사,2019-05-23,장편,미국,1311,106983620359,12555894,"30,218,911,039","3,377,404",어드벤처,전체관람가,일반영화
"광해, 왕이 된 남자",추창민,(주)씨제이이엔엠,2012-09-13,장편,한국,810,88900208769,12319542,"25,192,804,727","3,355,700",사극,15세관람가,일반영화
왕의 남자,이준익,(주)시네마서비스,2005-12-29,장편,한국,0,0,12302831,0,"3,660,842",드라마,15세관람가,일반영화
신과함께-인과 연,김용화,롯데컬처웍스(주)롯데엔터테인먼트,2018-08-01,장편,한국,2235,102476768809,12253247,"22,905,551,759","2,636,542",판타지,12세관람가,일반영화
택시운전사,장훈,(주)쇼박스,2017-08-02,장편,한국,1906,95284747049,12099971,"22,186,916,199","2,729,932",드라마,15세관람가,일반영화
태극기 휘날리며,강제규,(주)다자인소프트,2004-02-05,장편,한국,0,0,11746135,0,"3,509,563",전쟁,15세관람가,일반영화
부산행,연상호,(주)넥스트엔터테인먼트월드(NEW),2016-07-20,장편,한국,1788,93175877048,11565078,"23,020,827,248","2,754,686",액션,15세관람가,일반영화
해운대,윤제균,(주)씨제이이엔엠,2009-07-22,장편,한국,753,81934638201,11453338,"21,141,403,500","2,791,508",액션,12세관람가,일반영화
변호인,양우석,(주)넥스트엔터테인먼트월드(NEW),2013-12-18,장편,한국,923,82856578300,11372451,"22,571,929,000","2,978,688",드라마,15세관람가,일반영화
어벤져스: 인피니티 워,"안소니 루소,조 루소",월트디즈니컴퍼니코리아 유한책임회사,2018-04-25,장편,미국,2553,99919006769,11211880,"28,631,269,069","3,008,819",액션,12세관람가,일반영화
실미도,강우석,(주)시네마서비스,2003-12-24,장편,한국,0,0,11081000,0,"3,264,000",전쟁,15세관람가,일반영화
아바타: 물의 길,제임스 카메론,월트디즈니컴퍼니코리아 유한책임회사,2022-12-14,장편,미국,2809,137325939643,10779198,"35,339,578,744","2,612,163",액션,12세관람가,일반영화
어벤져스: 에이지 오브 울트론,조스 웨던,월트디즈니컴퍼니코리아 유한책임회사,2015-04-23,장편,미국,1843,88582586366,10494499,"25,001,906,266","2,823,388",액션,12세관람가,일반영화
기생충,봉준호,(주)씨제이이엔엠,2019-05-30,장편,한국,1948,87459829095,10313086,"24,128,560,195","2,790,209",드라마,15세관람가,일반영화
겨울왕국,"크리스 벅,제니퍼 리",소니픽쳐스릴리징월트디즈니스튜디오스코리아(주),2014-01-16,장편,미국,1010,82461504400,10296101,"25,847,243,500","3,003,446",애니메이션,전체관람가,일반영화
인터스텔라,크리스토퍼 놀란,워너브러더스 코리아(주),2014-11-06,장편,미국,1342,82274331200,10273803,"25,500,349,600","3,079,036",SF,12세관람가,일반영화
보헤미안 랩소디,브라이언 싱어,월트디즈니컴퍼니코리아 유한책임회사,2018-10-31,장편,미국,936,86280975785,9948386,"27,849,793,695","3,097,336",드라마,12세관람가,일반영화
검사외전,이일형,(주)쇼박스,2016-02-03,장편,한국,1812,77252755264,9699092,"18,302,525,664","2,219,587",범죄,15세관람가,일반영화
엑시트,이상근,(주)씨제이이엔엠,2019-07-31,장편,한국,1660,79232212162,9426051,"18,533,549,352","2,132,869",코미디,12세관람가,일반영화
관상,한재림,(주)쇼박스,2013-09-11,장편,한국,1190,66005451500,9134586,"19,311,179,000","2,561,744",사극,15세관람가,일반영화
아이언맨 3,쉐인 블랙,소니픽쳐스릴리징월트디즈니스튜디오스코리아(주),2013-04-25,장편,미국,1381,70806191000,9001309,"21,668,935,500","2,595,269",액션,12세관람가,일반영화
설국열차,봉준호,(주)씨제이이엔엠,2013-08-01,장편,한국,1128,64016480000,8914845,"18,975,866,000","2,550,437",SF,15세관람가,일반영화
캡틴 아메리카: 시빌 워,"안소니 루소,조 루소",월트디즈니컴퍼니코리아 유한책임회사,2016-04-27,장편,미국,1991,72672111827,8677249,"21,248,121,149","2,400,069",액션,12세관람가,일반영화
수상한 그녀,황동혁,(주)씨제이이엔엠,2014-01-22,장편,한국,692,62696639249,8656397,"15,358,810,049","2,042,110",드라마,15세관람가,일반영화
해적: 바다로 간 산적,이석훈,롯데쇼핑㈜롯데엔터테인먼트,2014-08-06,장편,한국,838,66240631706,8646758,"14,906,345,006","1,868,694",어드벤처,12세관람가,일반영화
국가대표,김용화,(주)쇼박스,2009-07-29,장편,한국,580,60896633308,8487894,"16,782,332,500","2,213,346",드라마,12세관람가,일반영화
디워,심형래,(주)쇼박스,2007-08-01,장편,한국,0,0,8426973,0,"2,098,438",액션,12세관람가,일반영화
백두산,"이해준,김병서",(주)씨제이이엔엠,2019-12-19,장편,한국,1971,69825366300,8252669,"15,055,877,210","1,724,785",어드벤처,12세관람가,일반영화
과속스캔들,강형철,롯데쇼핑㈜롯데엔터테인먼트,2008-12-03,장편,한국,405,53940101534,8245523,"16,515,292,833","2,390,408",코미디,12세관람가,일반영화
탑건: 매버릭,조셉 코신스키,롯데컬처웍스(주)롯데엔터테인먼트,2022-06-22,장편,미국,1975,87855360975,8177446,"25,925,045,991","2,309,600",액션,12세관람가,일반영화
스파이더맨: 파 프롬 홈,존 왓츠,소니픽쳐스엔터테인먼트코리아주식회사극장배급지점,2019-07-02,장편,미국,2142,69000711100,8020208,"18,515,112,400","2,051,196",액션,12세관람가,일반영화
웰컴 투 동막골,박광현,(주)쇼박스,2005-08-04,장편,한국,0,0,8008622,0,"2,435,088",전쟁,12세관람가,일반영화
공조,김성훈,(주)씨제이이엔엠,2017-01-18,장편,한국,976,63781731326,7817446,"14,672,808,676","1,744,624",액션,15세관람가,일반영화
트랜스포머 3,마이클 베이,(주)씨제이이엔엠,2011-06-29,장편,미국,1409,74841350500,7784807,"21,746,223,000","2,143,018",액션,12세관람가,일반영화
히말라야,이석훈,(주)씨제이이엔엠,2015-12-16,장편,한국,1009,60173583015,7759473,"13,920,553,930","1,738,016",드라마,12세관람가,일반영화
미션임파서블:고스트프로토콜,브래드 버드,(주)씨제이이엔엠,2011-12-15,장편,미국,1038,57795846000,7575899,"18,719,283,500","2,347,164",액션,15세관람가,일반영화
스파이더맨: 노 웨이 홈,존 왓츠,소니픽쳐스엔터테인먼트코리아주식회사극장배급지점,2021-12-15,장편,미국,2948,75193912210,7551990,"21,054,819,760","2,041,418",액션,12세관람가,일반영화
트랜스포머: 패자의 역습,마이클 베이,(주)씨제이이엔엠,2009-06-24,장편,미국,1129,51478531663,7505700,"16,083,028,500","2,200,557",SF,12세관람가,일반영화
밀정,김지운,워너브러더스 코리아(주),2016-09-07,장편,한국,1444,61158644831,7487545,"15,436,298,021","1,827,424",액션,15세관람가,일반영화
최종병기 활,김한민,롯데쇼핑㈜롯데엔터테인먼트,2011-08-10,장편,한국,615,55808856500,7466976,"16,139,541,000","2,059,847",사극,15세관람가,일반영화
트랜스포머,마이클 베이,(주)씨제이이엔엠,2007-06-28,장편,미국,0,0,7440531,0,"2,300,866",SF,12세관람가,일반영화
써니,강형철,(주)씨제이이엔엠,2011-05-04,장편,한국,472,53773170600,7328820,"15,401,904,600","2,004,824",드라마,15세관람가,일반영화
화려한 휴가,김지훈,(주)씨제이이엔엠,2007-07-25,장편,한국,0,0,7307993,0,"2,009,666",드라마,12세관람가,일반영화
한산: 용의 출현,김한민,롯데컬처웍스(주)롯데엔터테인먼트,2022-07-27,장편,한국,2223,73700628377,7264934,"15,974,849,913","1,513,672",액션,12세관람가,일반영화
스파이더맨: 홈 커밍,존 왓츠,소니픽쳐스엔터테인먼트코리아주식회사극장배급지점,2017-07-05,장편,미국,1965,59120173820,7257973,"16,753,103,620","1,969,107",액션,12세관람가,일반영화
1987,장준환,(주)씨제이이엔엠,2017-12-27,장편,한국,1299,58165581145,7231638,"14,638,920,495","1,776,877",드라마,15세관람가,일반영화
베를린,류승완,(주)씨제이이엔엠,2013-01-30,장편,한국,894,52354931637,7166199,"16,070,379,637","2,118,794",액션,15세관람가,일반영화
마스터,조의석,(주)씨제이이엔엠,2016-12-21,장편,한국,1501,58067927865,7150541,"14,520,299,965","1,731,940",액션,15세관람가,일반영화
터널,김성훈,(주)쇼박스,2016-08-10,장편,한국,1105,57510324417,7118592,"14,121,558,017","1,675,010",드라마,12세관람가,일반영화
어벤져스,조스 웨던,월트디즈니컴퍼니코리아 유한책임회사,2012-04-26,장편,미국,967,59557853478,7074867,"19,280,107,897","2,147,619",액션,12세관람가,일반영화
내부자들,우민호,(주)쇼박스,2015-11-19,장편,한국,1075,56596582057,7071763,"16,340,245,357","1,972,885",범죄,청소년관람불가,일반영화
인천상륙작전,이재한,(주)씨제이이엔엠,2016-07-27,장편,한국,1049,55101410303,7049643,"11,459,996,563","1,427,944",전쟁,12세관람가,일반영화
공조2: 인터내셔날,이석훈,(주)씨제이이엔엠,2022-09-07,장편,한국,2389,70884583586,6979319,"15,028,120,901","1,444,987",액션,15세관람가,일반영화
럭키,이계벽,(주)쇼박스,2016-10-13,장편,한국,1158,56361435256,6965706,"13,812,629,836","1,640,015",코미디,15세관람가,일반영화
은밀하게 위대하게,장철수,(주)쇼박스,2013-06-05,장편,한국,1341,48663939413,6953800,"12,415,574,413","1,691,014",액션,15세관람가,일반영화
곡성,나홍진,이십세기폭스코리아(주),2016-05-12,장편,한국,1485,55853108382,6878264,"15,445,041,342","1,829,923",미스터리,15세관람가,일반영화
범죄도시,강윤성,플러스엠 엔터테인먼트,2017-10-03,장편,한국,1315,56077813249,6851297,"14,046,905,449","1,670,254",범죄,청소년관람불가,일반영화
타짜,최동훈,(주)씨제이이엔엠,2006-09-28,장편,한국,0,0,6847777,0,"2,091,058",드라마,청소년관람불가,일반영화
"좋은 놈, 나쁜 놈, 이상한 놈",김지운,(주)씨제이이엔엠,2008-07-17,장편,한국,825,43768628939,6686912,"13,860,913,000","2,012,173",서부극(웨스턴),15세관람가,일반영화
늑대소년,조성희,(주)씨제이이엔엠,2012-10-31,장편,한국,706,46593107500,6654837,"12,336,313,500","1,677,173",멜로/로맨스,15세관람가,일반영화
미녀는 괴로워,김용화,(주)쇼박스,2006-12-14,장편,한국,0,0,6619498,0,"1,934,910",멜로/로맨스,12세관람가,일반영화
군함도,류승완,(주)씨제이이엔엠,2017-07-26,장편,한국,2027,50510565168,6592151,"11,091,878,868","1,398,649",액션,15세관람가,일반영화
미션 임파서블: 폴아웃,크리스토퍼 맥쿼리,롯데컬처웍스(주)롯데엔터테인먼트,2018-07-25,장편,미국,1957,55888375112,6584915,"14,891,043,562","1,686,255",액션,15세관람가,일반영화
다크 나이트 라이즈,크리스토퍼 놀란,워너브러더스 코리아(주),2012-07-19,장편,미국,1210,47644838000,6396528,"16,258,149,500","2,057,529",액션,15세관람가,일반영화
아저씨,이정범,(주)씨제이이엔엠,2010-08-04,장편,한국,478,47870792359,6282774,"14,820,865,000","1,863,328",액션,청소년관람불가,일반영화
사도,이준익,(주)쇼박스,2015-09-16,장편,한국,1210,48842902501,6246849,"12,987,928,301","1,606,486",사극,12세관람가,일반영화
전우치,최동훈,(주)씨제이이엔엠,2009-12-23,장편,한국,606,44605437017,6136928,"12,917,834,500","1,684,123",액션,12세관람가,일반영화
미션 임파서블: 로그네이션,크리스토퍼 맥쿼리,롯데쇼핑㈜롯데엔터테인먼트,2015-07-30,장편,미국,1202,48547353607,6126488,"13,751,315,607","1,669,524",액션,15세관람가,일반영화
킹스맨 : 시크릿 에이전트,매튜 본,이십세기폭스코리아(주),2015-02-11,장편,미국,706,50333635795,6125154,"16,707,645,195","1,968,882",액션,청소년관람불가,일반영화
투사부일체,김동원,(주)씨제이이엔엠,2006-01-19,장편,한국,0,0,6105431,0,"1,502,821",코미디,15세관람가,일반영화
연평해전,김학순,(주)넥스트엔터테인먼트월드(NEW),2015-06-24,장편,한국,1013,45560620330,6043458,"9,906,059,630","1,265,879",드라마,12세관람가,일반영화
반지의 제왕 : 왕의 귀환,피터 잭슨,워너브러더스 코리아(주),2003-12-17,장편,미국,0,0,5960000,0,"1,905,567",판타지,12세관람가,일반영화
인셉션,크리스토퍼 놀란,(주)디스테이션,2010-07-21,장편,미국,528,44106546302,5926948,"15,810,485,000","2,026,998",드라마,12세관람가,일반영화
레미제라블,톰 후퍼,유니버설픽쳐스인터내셔널 코리아(유),2012-12-19,장편,미국,696,43044999000,5911890,"16,482,217,500","2,190,090",드라마,12세관람가,일반영화
닥터 스트레인지: 대혼돈의 멀티버스,샘 레이미,월트디즈니컴퍼니코리아 유한책임회사,2022-05-04,장편,미국,2691,62648728870,5884587,"18,021,250,750","1,610,656",액션,12세관람가,일반영화
캡틴 마블,"애너 보든,라이언 플렉",월트디즈니컴퍼니코리아 유한책임회사,2019-03-06,장편,미국,2100,51491272223,5801069,"15,433,909,683","1,650,932",액션,12세관람가,일반영화
미션 임파서블 3,J.J. 에이브럼스,UIP코리아,2006-05-03,장편,미국,0,0,5740789,0,"1,584,202",액션,15세관람가,일반영화
쥬라기 월드: 폴른 킹덤,후안 안토니오 바요나,유니버설픽쳐스인터내셔널 코리아(유),2018-06-06,장편,미국,1972,49770711037,5661128,"12,526,470,537","1,342,621",액션,12세관람가,일반영화
청년경찰,김주환,롯데쇼핑㈜롯데엔터테인먼트,2017-08-09,장편,한국,1102,44241099316,5636259,"9,885,607,016","1,207,318",액션,15세관람가,일반영화
가문의 위기(가문의 영광2),정용기,(주)쇼박스,2005-09-07,장편,한국,0,0,5635266,0,"1,451,468",코미디,15세관람가,일반영화
숨바꼭질,허정,(주)넥스트엔터테인먼트월드(NEW),2013-08-14,장편,한국,779,39593038500,5602543,"10,079,982,000","1,356,936",스릴러,15세관람가,일반영화
덕혜옹주,허진호,롯데쇼핑㈜롯데엔터테인먼트,2016-08-03,장편,한국,964,44344141109,5593551,"10,625,578,869","1,304,324",사극,12세관람가,일반영화
더 테러 라이브,김병우,롯데쇼핑㈜롯데엔터테인먼트,2013-07-31,장편,한국,743,39866712881,5583596,"11,349,884,881","1,525,130",범죄,15세관람가,일반영화
쥬라기 월드,콜린 트레보로우,유니버설픽쳐스인터내셔널 코리아(유),2015-06-11,장편,미국,1290,47800698826,5546792,"13,625,824,326","1,502,391",액션,12세관람가,일반영화
의형제,장훈,(주)쇼박스,2010-02-04,장편,한국,572,40800867602,5507106,"12,204,373,500","1,563,042",드라마,15세관람가,일반영화
감시자들,"조의석,김병서",(주)넥스트엔터테인먼트월드(NEW),2013-07-03,장편,한국,949,39298005179,5496547,"11,031,549,179","1,477,594",범죄,15세관람가,일반영화
2012,롤랜드 에머리히,한국소니픽쳐스릴리징브에나비스타영화㈜,2009-11-12,장편,미국,789,39415166660,5462953,"11,671,854,500","1,528,658",SF,12세관람가,일반영화
앤트맨과 와스프,페이튼 리드,월트디즈니컴퍼니코리아 유한책임회사,2018-07-04,장편,미국,1775,47465443185,5447826,"13,821,594,585","1,503,229",액션,12세관람가,일반영화
닥터 스트레인지,스콧 데릭슨,월트디즈니컴퍼니코리아(주),2016-10-26,장편,미국,1503,47482530396,5446379,"15,365,072,146","1,657,823",액션,12세관람가,일반영화
검은 사제들,장재현,(주)씨제이이엔엠,2015-11-05,장편,한국,1088,42395347092,5440945,"11,618,059,792","1,428,491",미스터리,15세관람가,일반영화
안시성,김광식,(주)넥스트엔터테인먼트월드(NEW),2018-09-19,장편,한국,1540,46335334026,5440186,"10,028,662,426","1,146,191",사극,12세관람가,일반영화
블랙 팬서,라이언 쿠글러,월트디즈니컴퍼니코리아 유한책임회사,2018-02-14,장편,미국,1620,45883143457,5398994,"13,105,688,057","1,468,761",액션,12세관람가,일반영화
더 킹,한재림,(주)넥스트엔터테인먼트월드(NEW),2017-01-18,장편,한국,1310,43486078535,5316325,"11,144,618,435","1,318,493",범죄,15세관람가,일반영화
완득이,이한,(주)씨제이이엔엠,2011-10-20,장편,한국,500,38530503500,5310510,"11,657,798,500","1,525,277",드라마,12세관람가,일반영화
트랜스포머: 사라진 시대,마이클 베이,(주)씨제이이엔엠,2014-06-25,장편,미국,1602,44012272845,5295801,"11,664,376,045","1,323,527",액션,12세관람가,일반영화
완벽한 타인,이재규,롯데컬처웍스(주)롯데엔터테인먼트,2018-10-31,장편,한국,1313,44356752474,5294119,"11,870,044,374","1,373,292",드라마,15세관람가,일반영화
조커,토드 필립스,워너브러더스 코리아(주),2019-10-02,장편,미국,1418,45442252130,5255228,"14,704,552,340","1,638,904",액션,15세관람가,일반영화
월드 워 Z,마크 포스터,롯데쇼핑㈜롯데엔터테인먼트,2013-06-20,장편,미국,964,38555357000,5237525,"12,048,296,500","1,562,677",드라마,15세관람가,일반영화
반지의 제왕 : 두개의 탑,피터 잭슨,워너브러더스 코리아(주),2002-12-19,장편,미국,0,0,5183000,0,"836,065",액션,12세관람가,일반영화
타워,김지훈,(주)씨제이이엔엠,2012-12-25,장편,한국,617,37654858000,5181014,"9,052,298,500","1,186,378",드라마,12세관람가,일반영화
말아톤,정윤철,(주)쇼박스,2005-01-27,장편,한국,0,0,5148022,0,"1,552,548",드라마,전체관람가,일반영화
미녀와 야수,빌 콘돈,월트디즈니컴퍼니코리아 유한책임회사,2017-03-16,장편,미국,1627,42130589579,5137993,"13,177,630,229","1,531,839",멜로/로맨스,전체관람가,일반영화
추격자,나홍진,(주)쇼박스,2008-02-14,장편,한국,435,33943278500,5071619,"11,611,882,500","1,662,668",범죄,청소년관람불가,일반영화
독전,이해영,(주)넥스트엔터테인먼트월드(NEW),2018-05-22,장편,한국,1357,43484892913,5063620,"10,658,158,413","1,201,461",범죄,15세관람가,일반영화
쿵푸팬더 2,여인영,(주)씨제이이엔엠,2011-05-26,장편,미국,948,44298724500,5062722,"14,917,759,000","1,575,363",애니메이션,전체관람가,일반영화
아쿠아맨,제임스 완,워너브러더스 코리아(주),2018-12-19,장편,미국,1285,44113456704,5038134,"11,897,439,184","1,294,275",액션,12세관람가,일반영화
공작,윤종빈,(주)씨제이이엔엠,2018-08-08,장편,한국,1317,42759410176,4971261,"10,296,507,676","1,158,151",드라마,12세관람가,일반영화
인사이드 아웃,피트 닥터,월트디즈니컴퍼니코리아(주),2015-07-09,장편,미국,777,38015586936,4968687,"12,814,825,236","1,594,626",애니메이션,전체관람가,일반영화
캐리비안의 해적: 세상의 끝에서,고어 버빈스키,한국소니픽쳐스릴리징브에나비스타영화㈜,2007-05-23,장편,미국,0,0,4966571,0,"1,481,077",액션,12세관람가,일반영화
킹스맨: 골든 서클,매튜 본,이십세기폭스코리아(주),2017-09-27,장편,미국,1687,40987484736,4945484,"12,306,638,886","1,419,759",액션,청소년관람불가,일반영화
스파이더맨 3,샘 레이미,한국소니픽쳐스릴리징브에나비스타영화㈜,2007-05-01,장편,미국,0,0,4935660,0,"1,444,270",액션,12세관람가,일반영화
바람과 함께 사라지다,김주호,(주)넥스트엔터테인먼트월드(NEW),2012-08-08,장편,한국,694,34524377161,4897551,"8,302,901,161","1,122,802",코미디,12세관람가,일반영화
마션,리들리 스콧,월트디즈니컴퍼니코리아 유한책임회사,2015-10-08,장편,미국,1132,39612764295,4875494,"12,914,889,095","1,509,471",액션,12세관람가,일반영화
토르: 라그나로크,타이카 와이티티,월트디즈니컴퍼니코리아 유한책임회사,2017-10-25,장편,미국,1640,39248432595,4857152,"12,088,848,195","1,419,464",액션,12세관람가,일반영화
어메이징 스파이더맨,마크 웹,한국소니픽쳐스릴리징브에나비스타영화㈜,2012-06-28,장편,미국,1118,41163951235,4853123,"13,100,185,524","1,446,116",액션,12세관람가,일반영화
"님아, 그 강을 건너지 마오",진모영,CGV아트하우스,2014-11-27,장편,한국,206,37354452679,4801355,"9,129,018,879","1,140,795",다큐멘터리,전체관람가,독립/예술영화
조선명탐정 : 각시투구꽃의 비밀,김석윤,(주)쇼박스,2011-01-27,장편,한국,611,35841769500,4786259,"10,712,744,000","1,363,857",코미디,12세관람가,일반영화
봉오동 전투,원신연,(주)쇼박스,2019-08-07,장편,한국,1476,40514276538,4779501,"7,782,799,628","891,383",사극,15세관람가,일반영화
군도: 민란의 시대,윤종빈,(주)쇼박스,2014-07-23,장편,한국,1394,36987755999,4774895,"9,976,707,399","1,239,945",사극,15세관람가,일반영화
남산의 부장들,우민호,(주)쇼박스,2020-01-22,장편,한국,1659,41223596650,4750104,"9,851,448,590","1,113,402",드라마,15세관람가,일반영화
라이온 킹,존 파브로,월트디즈니컴퍼니코리아 유한책임회사,2019-07-17,장편,미국,1936,41518977430,4743184,"11,620,751,790","1,218,042",어드벤처,전체관람가,일반영화
범죄와의 전쟁: 나쁜놈들 전성시대,윤종빈,(주)쇼박스,2012-02-02,장편,한국,699,36479147500,4710454,"11,716,858,500","1,451,900",범죄,청소년관람불가,일반영화
주토피아,"바이론 하워드,리치 무어",월트디즈니컴퍼니코리아(주),2016-02-17,장편,미국,661,37077444042,4703245,"12,142,771,642","1,465,960",애니메이션,전체관람가,일반영화
엣지 오브 투모로우,더그 라이만,워너브러더스 코리아(주),2014-06-04,장편,미국,801,38703942201,4697142,"12,201,872,401","1,401,887",액션,12세관람가,일반영화
신세계,박훈정,(주)넥스트엔터테인먼트월드(NEW),2013-02-21,장편,한국,671,34881330905,4682492,"11,114,978,905","1,435,648",범죄,청소년관람불가,일반영화
쿵푸 팬더,"마크 오스본,존 스티븐슨",(주)씨제이이엔엠,2008-06-05,장편,미국,351,30000965000,4673009,"10,590,329,000","1,556,669",애니메이션,전체관람가,일반영화
신비한 동물사전,데이빗 예이츠,워너브러더스 코리아(주),2016-11-16,장편,미국,1431,39337263058,4666993,"12,640,487,458","1,425,528",어드벤처,12세관람가,일반영화
도가니,황동혁,(주)씨제이이엔엠,2011-09-22,장편,한국,644,35566854800,4662822,"10,141,606,500","1,267,508",드라마,청소년관람불가,일반영화
캐리비안의 해적 : 망자의 함,고어 버빈스키,브에나비스타인터내셔널코리아,2006-07-06,장편,미국,0,0,4628903,0,"1,525,853",액션,12세관람가,일반영화
박물관이 살아있다!,숀 레비,이십세기폭스코리아(주),2006-12-21,장편,미국,0,0,4612831,0,"1,226,404",코미디,전체관람가,일반영화
내 아내의 모든 것,민규동,(주)넥스트엔터테인먼트월드(NEW),2012-05-17,장편,한국,563,34222160500,4598583,"11,547,286,500","1,475,165",코미디,15세관람가,일반영화
나쁜 녀석들: 더 무비,손용호,(주)씨제이이엔엠,2019-09-11,장편,한국,1511,39560195124,4573902,"8,008,441,184","905,239",범죄,15세관람가,일반영화
판도라,박정우,(주)넥스트엔터테인먼트월드(NEW),2016-12-07,장편,한국,1166,35965733064,4571142,"7,213,559,964","880,999",드라마,12세관람가,일반영화
터미네이터 : 미래전쟁의 시작,맥지,롯데쇼핑㈜롯데엔터테인먼트,2009-05-21,장편,미국,704,30146162133,4568891,"9,506,441,000","1,367,218",SF,15세관람가,일반영화
맘마미아!,필리다 로이드,유니버설픽쳐스인터내셔널 코리아(유),2008-09-03,장편,미국,457,29570784560,4554785,"11,275,657,333","1,646,593",멜로/로맨스,12세관람가,일반영화
연가시,박정우,(주)씨제이이엔엠,2012-07-05,장편,한국,759,32154766664,4513026,"7,819,583,000","1,040,068",공포(호러),15세관람가,일반영화
아이언맨 2,존 파브로,(주)씨제이이엔엠,2010-04-29,장편,미국,757,33161943100,4498335,"10,697,867,500","1,370,291",SF,12세관람가,일반영화
강철비,양우석,(주)넥스트엔터테인먼트월드(NEW),2017-12-14,장편,한국,1426,35477912466,4451336,"8,694,723,516","1,060,541",액션,15세관람가,일반영화
해리포터와 죽음의 성물2,데이빗 예이츠,워너브러더스 코리아(주),2011-07-13,장편,미국,757,34507819000,4400298,"11,183,806,000","1,361,311",판타지,전체관람가,일반영화
다만 악에서 구하소서,홍원찬,(주)씨제이이엔엠,2020-08-05,장편,한국,1998,38554527990,4352669,"8,906,277,620","984,042",범죄,15세관람가,일반영화
헌트,이정재,플러스엠 엔터테인먼트,2022-08-10,장편,한국,1625,44573032153,4350029,"10,985,286,495","1,052,205",액션,15세관람가,일반영화
아이언맨,존 파브로,(주)씨제이이엔엠,2008-04-30,장편,미국,592,27802744668,4316003,"9,029,366,168","1,329,214",SF,12세관람가,일반영화
엑스맨: 데이즈 오브 퓨처 패스트,브라이언 싱어,이십세기폭스코리아(주),2014-05-22,장편,미국,1056,34654558766,4313871,"11,315,080,666","1,345,720",액션,12세관람가,일반영화
강철중: 공공의 적 1-1,강우석,(주)씨제이이엔엠,2008-06-19,장편,한국,659,28465757767,4300670,"9,048,970,100","1,298,197",드라마,15세관람가,일반영화
아가씨,박찬욱,(주)씨제이이엔엠,2016-06-01,장편,한국,1171,35114332791,4277071,"10,881,501,871","1,283,972",스릴러,청소년관람불가,일반영화
킹콩,피터 잭슨,UIP코리아,2005-12-14,장편,미국,0,0,4232430,0,"1,352,121",드라마,15세관람가,일반영화
어메이징 스파이더맨 2,마크 웹,소니픽쳐스릴리징월트디즈니스튜디오스코리아(주),2014-04-23,장편,미국,1312,34869056800,4168350,"10,562,832,700","1,187,974",액션,12세관람가,일반영화
인디아나 존스 4 : 크리스탈 해골의 왕국,스티븐 스필버그,(주)씨제이이엔엠,2008-05-22,장편,미국,660,26693951667,4136101,"8,495,873,167","1,245,028",액션,12세관람가,일반영화
용의자,원신연,(주)쇼박스,2013-12-24,장편,한국,807,30037161000,4131248,"7,563,772,000","997,760",액션,15세관람가,일반영화
건축학개론,이용주,롯데쇼핑㈜롯데엔터테인먼트,2012-03-22,장편,한국,593,30219800500,4110645,"11,003,948,000","1,431,173",멜로/로맨스,12세관람가,일반영화
태풍,곽경택,(주)씨제이이엔엠,2005-12-14,장편,한국,0,0,4094395,0,"1,229,971",드라마,15세관람가,일반영화
미이라 3:황제의 무덤,롭 코헨,유니버설픽쳐스인터내셔널 코리아(유),2008-07-30,장편,미국,527,26222207084,4090795,"6,942,890,084","1,027,371",액션,12세관람가,일반영화
7급 공무원,신태라,롯데쇼핑㈜롯데엔터테인먼트,2009-04-22,장편,한국,475,26701311856,4088799,"8,090,460,000","1,173,540",코미디,12세관람가,일반영화
다크 나이트,크리스토퍼 놀란,주식회사 해리슨앤컴퍼니,2008-08-06,장편,미국,462,27059471306,4087355,"10,406,924,000","1,487,898",범죄,15세관람가,일반영화
색즉시공,윤제균,(주)쇼박스,2002-12-11,장편,한국,0,0,4082797,0,"538,798",코미디,청소년관람불가,일반영화
댄싱퀸,이석훈,(주)씨제이이엔엠,2012-01-18,장편,한국,534,30129259500,4057546,"8,223,006,000","1,055,086",코미디,12세관람가,일반영화
우리 생애 최고의 순간,임순례,(주)싸이더스,2008-01-10,장편,한국,418,26151780425,4044582,"8,551,706,425","1,264,173",드라마,전체관람가,일반영화
꾼,장창원,(주)쇼박스,2017-11-22,장편,한국,1314,31313568795,4018341,"7,524,464,445","931,901",범죄,15세관람가,일반영화
혹성탈출: 반격의 서막,맷 리브스,이십세기폭스코리아(주),2014-07-10,장편,미국,922,31509793095,4002134,"9,067,860,195","1,095,630",액션,12세관람가,일반영화
타짜-신의 손,강형철,롯데쇼핑㈜롯데엔터테인먼트,2014-09-03,장편,한국,890,32267244827,4001813,"8,495,857,527","1,016,403",드라마,청소년관람불가,일반영화
해리포터와 비밀의 방,크리스 콜럼버스,워너브러더스 코리아(주),2002-12-13,장편,미국,0,0,4000000,0,"320,084",드라마,전체관람가,일반영화
쿵푸팬더3,"여인영,알레산드로 칼로니",(주)씨제이이엔엠,2016-01-28,장편,미국,1365,31340798156,3984812,"8,695,148,256","1,045,418",애니메이션,전체관람가,일반영화
캡틴 아메리카: 윈터 솔져,"조 루소,안소니 루소",월트디즈니컴퍼니코리아 유한책임회사,2014-03-26,장편,미국,1106,31710585385,3963220,"10,405,400,885","1,237,982",액션,15세관람가,일반영화
공공의 적 2,강우석,(주)시네마서비스,2005-01-27,장편,한국,0,0,3911356,0,"1,167,828",드라마,15세관람가,일반영화
박수건달,조진규,(주)쇼박스,2013-01-09,장편,한국,599,28343986569,3893216,"6,808,915,069","894,127",코미디,15세관람가,일반영화
베놈,루벤 플레셔,소니픽쳐스엔터테인먼트코리아주식회사극장배급지점,2018-10-03,장편,미국,1308,34100211207,3888096,"9,452,036,857","1,026,909",액션,15세관람가,일반영화
한반도,강우석,(주)씨제이이엔엠,2006-07-13,장편,한국,0,0,3880308,0,"1,077,033",드라마,15세관람가,일반영화
조선명탐정 : 사라진 놉의 딸,김석윤,(주)쇼박스,2015-02-11,장편,한국,811,30456879428,3872015,"6,908,501,928","845,522",사극,12세관람가,일반영화
트로이,볼프강 페터젠,워너브러더스 코리아(주),2004-05-21,장편,미국,0,0,3851000,0,"1,513,408",사극,15세관람가,일반영화
역린,이재규,롯데쇼핑㈜롯데엔터테인먼트,2014-04-30,장편,한국,1054,29893297890,3849433,"8,426,821,290","1,044,988",사극,15세관람가,일반영화
매드 맥스: 분노의 도로,조지 밀러,워너브러더스 코리아(주),2015-05-14,장편,미국,799,32906364462,3842441,"11,443,176,062","1,271,954",액션,15세관람가,일반영화
남한산성,황동혁,(주)씨제이이엔엠,2017-10-03,장편,한국,1229,31067321992,3829891,"7,375,553,392","889,444",사극,15세관람가,일반영화
반도,연상호,(주)넥스트엔터테인먼트월드(NEW),2020-07-15,장편,한국,2575,33071341280,3812080,"8,005,831,840","895,163",액션,15세관람가,일반영화
데드풀 2,데이빗 레이치,이십세기폭스코리아(주),2018-05-16,장편,미국,1576,34185664639,3784602,"10,757,126,939","1,145,250",액션,청소년관람불가,일반영화
쌍화점,유하,(주)쇼박스,2008-12-30,장편,한국,499,25616489949,3779553,"15,503,994,514","2,175,717",드라마,청소년관람불가,일반영화
암수살인,김태균,(주)쇼박스,2018-10-03,장편,한국,1177,32855895548,3772620,"7,777,232,448","862,386",범죄,15세관람가,일반영화
국가부도의 날,최국희,(주)씨제이이엔엠,2018-11-28,장편,한국,1180,30891765837,3754983,"7,993,870,137","937,443",드라마,12세관람가,일반영화
신기전,김유진,(주)씨제이이엔엠,2008-09-04,장편,한국,585,24314570667,3726134,"6,189,726,667","891,357",사극,15세관람가,일반영화
미이라,알렉스 커츠먼,유니버설픽쳐스인터내셔널 코리아(유),2017-06-06,장편,미국,1257,30504689978,3689325,"7,851,059,428","909,202",액션,15세관람가,일반영화
82년생 김지영,김도영,롯데컬처웍스(주)롯데엔터테인먼트,2019-10-23,장편,한국,1486,30305744310,3679019,"8,397,712,370","994,852",드라마,12세관람가,일반영화
분노의 질주: 홉스&쇼,데이빗 레이치,유니버설픽쳐스인터내셔널 코리아(유),2019-08-14,장편,미국,1311,32241767793,3657536,"7,717,831,533","839,251",액션,12세관람가,일반영화
분노의 질주: 더 익스트림,F. 게리 그레이,유니버설픽쳐스인터내셔널 코리아(유),2017-04-12,장편,미국,1469,29981156348,3653238,"7,936,210,998","932,027",액션,15세관람가,일반영화
친절한 금자씨,박찬욱,(주)씨제이이엔엠,2005-07-29,장편,한국,0,0,3650000,0,"1,375,194",스릴러,청소년관람불가,일반영화
더 퍼스트 슬램덩크,이노우에 다케히코,(주)넥스트엔터테인먼트월드(NEW),2023-01-04,장편,일본,1023,37393242931,3638498,"11,993,248,556","1,142,736",애니메이션,12세관람가,일반영화
너의 이름은.,신카이 마코토,플러스엠 엔터테인먼트,2017-01-04,장편,일본,947,29248867156,3637122,"9,352,306,256","1,124,392",애니메이션,12세관람가,일반영화
해리 포터와 불의 잔,마이크 뉴웰,워너브러더스 코리아(주),2005-12-01,장편,미국,0,0,3615000,0,"1,239,817",액션,12세관람가,일반영화
모가디슈,류승완,롯데컬처웍스(주)롯데엔터테인먼트,2021-07-28,장편,한국,1688,34558297730,3613984,"8,498,347,010","887,264",액션,15세관람가,일반영화
인턴,낸시 마이어스,워너브러더스 코리아(주),2015-09-24,장편,미국,496,28518443148,3610642,"10,024,307,548","1,228,273",코미디,12세관람가,일반영화
라라랜드,데이미언 셔젤,판씨네마(주),2016-12-07,장편,미국,727,30006844694,3597193,"13,131,083,194","1,536,629",드라마,12세관람가,일반영화
귀향,조정래,(주)와우픽쳐스,2016-02-24,장편,한국,876,27245051990,3586523,"6,310,471,892","801,788",드라마,15세관람가,일반영화
리얼 스틸,숀 레비,한국소니픽쳐스릴리징브에나비스타영화㈜,2011-10-12,장편,미국,603,26566677000,3579666,"8,578,776,500","1,090,591",액션,12세관람가,일반영화
신의 한 수,조범구,(주)쇼박스,2014-07-03,장편,한국,794,28777712256,3562123,"8,104,315,156","965,372",범죄,청소년관람불가,일반영화
미스터 & 미세스 스미스,더그 라이만,이십세기폭스필름코퍼레이션,2005-06-16,장편,미국,0,0,3546900,0,"1,206,120",멜로/로맨스,15세관람가,일반영화
코코,리 언크리치,월트디즈니컴퍼니코리아 유한책임회사,2018-01-11,장편,미국,1177,27685479440,3510017,"8,547,812,240","1,024,250",애니메이션,전체관람가,일반영화
매트릭스2 리로디드,"릴리 워쇼스키,라나 워쇼스키",워너브러더스 코리아(주),2003-05-23,장편,미국,0,0,3510000,0,"1,596,000",SF,15세관람가,일반영화
해리 포터와 불사조 기사단,데이빗 예이츠,워너브러더스 코리아(주),2007-07-11,장편,미국,0,0,3475000,0,"1,134,747",판타지,전체관람가,일반영화
가문의 부활 - 가문의 영광3,정용기,(주)쇼박스,2006-09-21,장편,한국,0,0,3464516,0,"779,445",코미디,15세관람가,일반영화
부러진 화살,정지영,(주)넥스트엔터테인먼트월드(NEW),2012-01-18,장편,한국,453,25878110500,3450941,"7,619,815,000","972,059",드라마,15세관람가,일반영화
끝까지 간다,김성훈,(주)쇼박스,2014-05-29,장편,한국,645,27006007900,3450143,"7,567,987,400","927,324",액션,15세관람가,일반영화
아일랜드,마이클 베이,워너브러더스 코리아(주),2005-07-21,장편,미국,0,0,3433900,0,"1,285,400",SF,12세관람가,일반영화
비긴 어게인,존 카니,판씨네마(주),2014-08-13,장편,미국,213,27096673061,3427464,"10,856,208,161","1,324,469",멜로/로맨스,15세관람가,독립/예술영화
스파이,이승준,(주)씨제이이엔엠,2013-09-05,장편,한국,785,24436429305,3423920,"5,483,475,805","733,029",액션,15세관람가,일반영화
그것만이 내 세상,최성현,(주)씨제이이엔엠,2018-01-17,장편,한국,862,27441213382,3417629,"6,258,257,482","759,455",코미디,12세관람가,일반영화
이끼,강우석,(주)씨제이이엔엠,2010-07-14,장편,한국,736,25856306126,3408144,"8,251,736,000","1,044,532",드라마,청소년관람불가,일반영화
토이 스토리 4,조시 쿨리,월트디즈니컴퍼니코리아 유한책임회사,2019-06-20,장편,미국,1336,28757726040,3399913,"9,071,405,870","1,009,214",애니메이션,전체관람가,일반영화
돈,박누리,(주)쇼박스,2019-03-20,장편,한국,1431,28869614062,3389035,"7,287,586,982","833,513",범죄,15세관람가,일반영화
포화속으로,이재한,롯데쇼핑㈜롯데엔터테인먼트,2010-06-16,장편,한국,736,24217600897,3385706,"6,203,066,000","822,965",드라마,12세관람가,일반영화
다이 하드 4 : 죽어도 산다,렌 와이즈먼,이십세기폭스필름코퍼레이션,2007-07-17,장편,미국,0,0,3380800,0,"990,440",액션,12세관람가,일반영화
맨 인 블랙 3,배리 소넨필드,한국소니픽쳐스릴리징브에나비스타영화㈜,2012-05-24,장편,미국,770,27301520070,3379762,"9,258,393,070","1,068,672",액션,12세관람가,일반영화
어바웃 타임,리차드 커티스,유니버설픽쳐스인터내셔널 코리아(유),2013-12-05,장편,영국,568,24867023000,3375735,"10,488,833,000","1,368,822",멜로/로맨스,15세관람가,일반영화
악인전,이원태,(주)에이스메이커무비웍스,2019-05-15,장편,한국,1307,29128292150,3364079,"6,407,047,240","722,563",범죄,청소년관람불가,일반영화
다빈치 코드,론 하워드,소니픽쳐스릴리징코리아,2006-05-18,장편,미국,0,0,3339082,0,"1,144,795",미스터리,15세관람가,일반영화
올빼미,안태진,(주)넥스트엔터테인먼트월드(NEW),2022-11-23,장편,한국,1541,32848464324,3327413,"8,942,063,323","885,001",스릴러,15세관람가,일반영화
슈퍼배드 3,"피에르 꼬팽,카일 발다",유니버설픽쳐스인터내셔널 코리아(유),2017-07-26,장편,미국,1057,24216987019,3324861,"5,558,252,919","723,552",애니메이션,전체관람가,일반영화
데드풀,팀 밀러,월트디즈니컴퍼니코리아 유한책임회사,2016-02-17,장편,미국,1036,27595618651,3317196,"9,150,924,002","1,062,535",액션,청소년관람불가,일반영화
시동,최정열,(주)넥스트엔터테인먼트월드(NEW),2019-12-18,장편,한국,1515,28098934360,3317038,"6,069,057,020","694,921",드라마,15세관람가,일반영화
슈렉2,"캘리 애스버리,앤드류 아담슨,콘래드 베논",(주)씨제이이엔엠,2004-06-18,장편,미국,0,0,3300533,0,"1,285,594",애니메이션,전체관람가,일반영화
아이 캔 스피크,김현석,롯데쇼핑㈜롯데엔터테인먼트,2017-09-21,장편,한국,1140,25532214986,3280243,"6,409,220,686","796,658",코미디,12세관람가,일반영화
스타워즈: 깨어난 포스,J.J. 에이브럼스,월트디즈니컴퍼니코리아(주),2015-12-17,장편,미국,940,28353796331,3273879,"9,631,617,574","1,047,074",액션,12세관람가,일반영화
올드보이,박찬욱,쇼이스트(주),2003-11-21,장편,한국,0,0,3269000,0,"1,188,417",스릴러,청소년관람불가,독립/예술영화
영웅,윤제균,(주)씨제이이엔엠,2022-12-21,장편,한국,1314,32092923912,3248975,"7,328,683,758","728,215",드라마,12세관람가,일반영화
분노의 질주: 더 세븐,제임스 완,유니버설픽쳐스인터내셔널 코리아(유),2015-04-01,장편,미국,983,26449334694,3247558,"7,328,474,894","864,171",액션,15세관람가,일반영화
터미네이터 제니시스,앨런 테일러,롯데쇼핑㈜롯데엔터테인먼트,2015-07-02,장편,미국,1113,26546725129,3239371,"7,364,611,329","852,065",액션,15세관람가,일반영화
그래비티,알폰소 쿠아론,(주)스튜디오디에이치엘,2013-10-17,장편,미국,636,31484135600,3227452,"14,128,973,600","1,311,034",SF,12세관람가,일반영화
우주전쟁,스티븐 스필버그,UIP코리아,2005-07-07,장편,미국,0,0,3223000,0,"1,006,450",드라마,12세관람가,일반영화
마녀,박훈정,워너브러더스 코리아(주),2018-06-27,장편,한국,1117,27242029463,3189091,"6,459,959,863","732,154",미스터리,15세관람가,일반영화
어린 신부,김호준,코리아픽쳐스(주),2004-04-02,장편,한국,0,0,3149500,0,"876,600",코미디,12세관람가,일반영화
오! 브라더스,김용화,(주)쇼박스,2003-09-04,장편,한국,0,0,3148748,0,"952,010",코미디,15세관람가,일반영화
오! 브라더스,기타,기타,2003-09-05,장편,기타,0,0,3148748,0,"952,010",코미디,15세관람가,일반영화
탐정: 리턴즈,이언희,(주)씨제이이엔엠,2018-06-13,장편,한국,1041,26865721678,3148038,"5,989,673,378","680,077",코미디,15세관람가,일반영화
"장화, 홍련",김지운,영화사청어람(주),2003-06-13,장편,한국,0,0,3146217,0,"1,017,027",공포(호러),12세관람가,일반영화
그놈 목소리,박진표,(주)씨제이이엔엠,2007-02-01,장편,한국,0,0,3143247,0,"826,287",드라마,12세관람가,일반영화
우리들의 행복한 시간,송해성,(주)프라임엔터테인먼트,2006-09-14,장편,한국,0,0,3132320,0,"980,772",드라마,15세관람가,일반영화
캐리비안의 해적: 낯선 조류,롭 마샬,한국소니픽쳐스릴리징브에나비스타영화㈜,2011-05-19,장편,미국,960,27279967500,3130046,"8,991,119,500","977,452",액션,12세관람가,일반영화
퀵,조범구,(주)씨제이이엔엠,2011-07-20,장편,한국,512,22960890000,3125069,"5,353,417,500","692,405",코미디,15세관람가,일반영화
감기,김성수,아이러브시네마,2013-08-14,장편,한국,806,21784202000,3119023,"4,692,878,000","638,882",드라마,15세관람가,일반영화
말죽거리 잔혹사,유하,(주)씨제이이엔엠,2004-01-16,장편,한국,0,0,3115767,0,"1,023,601",액션,15세관람가,일반영화
광복절 특사,김상진,(주)시네마서비스,2002-11-20,장편,한국,0,0,3101900,0,"41,152",드라마,15세관람가,일반영화
나우 유 씨 미 2,존 추,롯데쇼핑㈜롯데엔터테인먼트,2016-07-13,장편,미국,1200,25116690113,3100113,"7,162,588,413","850,601",범죄,12세관람가,일반영화
마파도,추창민,(주)씨제이이엔엠,2005-03-10,장편,한국,0,0,3090467,0,"922,647",코미디,15세관람가,일반영화
하모니,강대규,(주)씨제이이엔엠,2010-01-28,장편,한국,405,21992266198,3068544,"5,451,128,000","718,993",드라마,12세관람가,일반영화
거북이 달린다,이연우,(주)쇼박스,2009-06-11,장편,한국,379,20857347292,3059812,"6,785,771,000","942,277",드라마,15세관람가,일반영화
너는 내 운명,박진표,(주)씨제이이엔엠,2005-09-23,장편,한국,0,0,3051134,0,"1,063,480",멜로/로맨스,청소년관람불가,일반영화
캐리비안의 해적: 죽은 자는 말이 없다,"요아킴 뢰닝,에스펜 샌버그",월트디즈니컴퍼니코리아 유한책임회사,2017-05-24,장편,미국,1357,24975495122,3049894,"7,206,844,722","839,897",액션,12세관람가,일반영화
이터널스,클로이 자오,월트디즈니컴퍼니코리아 유한책임회사,2021-11-03,장편,미국,2648,31721584450,3049688,"8,398,642,580","770,301",액션,12세관람가,일반영화
스물,이병헌,(주)넥스트엔터테인먼트월드(NEW),2015-03-25,장편,한국,926,23558988686,3044134,"5,990,587,486","740,243",코미디,15세관람가,일반영화
토르: 다크 월드,앨런 테일러,소니픽쳐스릴리징월트디즈니스튜디오스코리아(주),2013-10-30,장편,미국,733,22525808500,3039889,"6,890,911,500","885,699",액션,12세관람가,일반영화
식객,전윤수,(주)씨제이이엔엠,2007-11-01,장편,한국,0,0,3038868,0,"913,989",드라마,12세관람가,일반영화
방자전,김대우,(주)씨제이이엔엠,2010-06-02,장편,한국,512,22853629794,3035116,"7,700,850,000","975,688",사극,청소년관람불가,일반영화
인크레더블 2,브래드 버드,월트디즈니컴퍼니코리아 유한책임회사,2018-07-18,장편,미국,1605,24554683588,3033052,"7,611,573,288","880,527",애니메이션,전체관람가,일반영화
하울의 움직이는 성,미야자키 하야오,(주)이수C&E,2004-12-23,장편,일본,0,0,3015165,0,"981,221",애니메이션,전체관람가,독립/예술영화
마더,봉준호,(주)씨제이이엔엠,2009-05-28,장편,한국,648,20195373838,3013523,"7,430,891,000","1,060,010",드라마,청소년관람불가,일반영화
투모로우,롤랜드 에머리히,이십세기폭스필름코퍼레이션,2004-06-03,장편,미국,0,0,3006400,0,"959,010",SF,12세관람가,일반영화
레드: 더 레전드,딘 패리소트,롯데쇼핑㈜롯데엔터테인먼트,2013-07-18,장편,미국,739,21511358970,3004647,"6,308,770,970","841,287",액션,15세관람가,일반영화
해리 포터와 혼혈 왕자,데이빗 예이츠,워너브러더스 코리아(주),2009-07-15,장편,미국,751,20580402431,3002669,"6,666,092,500","907,125",어드벤처,전체관람가,일반영화
오싹한 연애,황인호,(주)씨제이이엔엠,2011-12-01,장편,한국,469,21965313000,3001530,"6,146,203,500","797,727",공포(호러),12세관람가,일반영화
드래곤 길들이기 2,딘 데블로이스,(주)씨제이이엔엠,2014-07-23,장편,미국,829,23979935189,3000056,"6,564,340,689","751,931",애니메이션,전체관람가,일반영화
형,권수경,(주)씨제이이엔엠,2016-11-23,장편,한국,993,23129111893,2982022,"5,484,309,343","675,698",코미디,12세관람가,일반영화
친구 2,곽경택,롯데쇼핑㈜롯데엔터테인먼트,2013-11-14,장편,한국,968,21804687513,2971475,"5,171,825,013","675,887",액션,청소년관람불가,일반영화
26년,조근현,(주)인벤트스톤,2012-11-29,장편,한국,604,21241327145,2963449,"6,121,058,611","817,210",액션,15세관람가,일반영화
워낭소리,이충렬,㈜인디스토리,2009-01-15,장편,한국,20,19259975032,2962897,"6,486,389,900","958,688",다큐멘터리,전체관람가,독립/예술영화
블랙 위도우,케이트 쇼트랜드,월트디즈니컴퍼니코리아 유한책임회사,2021-07-07,장편,미국,2528,29987732620,2961507,"7,871,682,460","751,987",액션,12세관람가,일반영화
서치,아니쉬 차간티,소니픽쳐스엔터테인먼트코리아주식회사극장배급지점,2018-08-29,장편,미국,816,25283364845,2949944,"8,341,418,045","945,989",드라마,12세관람가,일반영화
고지전,장훈,(주)쇼박스,2011-07-20,장편,한국,585,21968557600,2945137,"6,379,632,100","817,904",드라마,15세관람가,일반영화
엑스맨: 아포칼립스,브라이언 싱어,이십세기폭스코리아(주),2016-05-25,장편,미국,1262,24467887950,2938818,"7,495,864,450","847,621",액션,12세관람가,일반영화
프리즌,나현,(주)쇼박스,2017-03-23,장편,한국,1047,23790276987,2931897,"5,681,060,637","679,455",범죄,청소년관람불가,일반영화
300,잭 스나이더,워너브러더스 코리아(주),2007-03-14,장편,미국,0,0,2929400,0,"1,076,005",액션,청소년관람불가,일반영화
솔트,필립 노이스,한국소니픽쳐스릴리징브에나비스타영화㈜,2010-07-29,장편,미국,556,21719123025,2921331,"6,529,156,500","837,532",스릴러,15세관람가,일반영화
가장 보통의 연애,김한결,(주)넥스트엔터테인먼트월드(NEW),2019-10-02,장편,한국,1073,24822316930,2917213,"6,614,922,790","753,953",멜로/로맨스,15세관람가,일반영화
헬로우 고스트,김영탁,(주)넥스트엔터테인먼트월드(NEW),2010-12-22,장편,한국,472,21154651779,2897477,"6,343,048,000","823,854",코미디,12세관람가,일반영화
귀신이 산다,김상진,(주)시네마서비스,2004-09-17,장편,한국,0,0,2890000,0,"751,340",코미디,12세관람가,일반영화
원티드,티무르 베크맘베토브,유니버설픽쳐스인터내셔널 코리아(유),2008-06-26,장편,미국,446,19258777000,2867594,"7,021,231,500","994,356",스릴러,청소년관람불가,일반영화
극비수사,곽경택,(주)쇼박스,2015-06-18,장편,한국,894,22389535897,2860786,"5,828,885,297","717,981",드라마,15세관람가,일반영화
슈렉3,"크리스 밀러,라맨 허",(주)씨제이이엔엠,2007-06-06,장편,미국,0,0,2844159,0,"945,899",애니메이션,전체관람가,일반영화
표적,창,(주)씨제이이엔엠,2014-04-30,장편,한국,665,22256359300,2841788,"5,348,606,900","652,750",액션,15세관람가,일반영화
앤트맨,페이튼 리드,월트디즈니컴퍼니코리아(주),2015-09-03,장편,미국,949,23502249937,2839921,"7,332,839,937","840,337",액션,12세관람가,일반영화
쥬라기 월드: 도미니언,콜린 트레보로우,유니버설픽쳐스인터내셔널 코리아(유),2022-06-01,장편,미국,2218,29226463310,2836786,"6,938,382,730","639,474",액션,12세관람가,일반영화
호빗: 다섯 군대 전투,피터 잭슨,워너브러더스 코리아(주),2014-12-17,장편,미국,926,24268487685,2836774,"7,327,248,685","809,402",어드벤처,12세관람가,일반영화
너의 결혼식,이석근,플러스엠 엔터테인먼트,2018-08-22,장편,한국,962,23670604369,2820029,"5,852,853,319","666,845",멜로/로맨스,12세관람가,일반영화
호빗: 뜻밖의 여정,피터 잭슨,워너브러더스 코리아(주),2012-12-13,장편,미국,1028,23436820716,2818993,"8,241,919,216","910,976",어드벤처,12세관람가,일반영화
말모이,엄유나,롯데컬처웍스(주)롯데엔터테인먼트,2019-01-09,장편,한국,1203,23682638520,2812444,"5,900,912,990","681,266",드라마,12세관람가,일반영화
메이즈 러너,웨스 볼,이십세기폭스코리아(주),2014-09-18,장편,미국,648,21489367677,2812427,"6,423,264,777","805,570",액션,12세관람가,일반영화
해리 포터와 죽음의 성물1,데이빗 예이츠,워너브러더스 코리아(주),2010-12-15,장편,미국,718,19906900266,2809053,"6,430,256,500","866,701",미스터리,전체관람가,일반영화
마녀(魔女) Part2. The Other One,박훈정,(주)넥스트엔터테인먼트월드(NEW),2022-06-15,장편,한국,1796,28920265670,2806254,"6,020,427,150","570,910",액션,15세관람가,일반영화
빅 히어로,"돈 홀,크리스 윌리암스",월트디즈니컴퍼니코리아(주),2015-01-21,장편,미국,825,21993119765,2801949,"6,512,949,165","772,249",애니메이션,전체관람가,일반영화
덩케르크,크리스토퍼 놀란,워너브러더스 코리아(주),2017-07-20,장편,미국,1252,24576771848,2792705,"9,451,418,198","989,011",액션,12세관람가,일반영화
혹성탈출: 진화의 시작,루퍼트 와이어트,이십세기폭스코리아(주),2011-08-17,장편,미국,514,20629757000,2773794,"6,637,598,000","849,251",액션,12세관람가,일반영화
부당거래,류승완,(주)씨제이이엔엠,2010-10-28,장편,한국,502,21326977937,2766436,"7,587,039,000","944,655",범죄,청소년관람불가,일반영화
1번가의 기적,윤제균,(주)씨제이이엔엠,2007-02-14,장편,한국,0,0,2750457,0,"697,439",드라마,15세관람가,일반영화
메이즈 러너: 스코치 트라이얼,웨스 볼,이십세기폭스코리아(주),2015-09-16,장편,미국,804,21596946349,2744413,"5,743,724,849","697,898",액션,12세관람가,일반영화
가디언즈 오브 갤럭시 VOL. 2,제임스 건,월트디즈니컴퍼니코리아 유한책임회사,2017-05-03,장편,미국,1218,23452674686,2735719,"7,669,006,186","854,131",액션,12세관람가,일반영화
시라노; 연애조작단,김현석,롯데쇼핑㈜롯데엔터테인먼트,2010-09-16,장편,한국,402,20171151599,2731828,"7,068,438,000","910,652",멜로/로맨스,12세관람가,일반영화
핸콕,피터 버그,한국소니픽쳐스릴리징브에나비스타영화㈜,2008-07-02,장편,미국,602,17854932333,2723518,"5,977,901,000","860,691",액션,12세관람가,일반영화
내가 살인범이다,정병길,(주)쇼박스,2012-11-08,장편,한국,547,20338948000,2721903,"6,313,599,000","809,580",액션,청소년관람불가,일반영화
나우 유 씨 미 : 마술사기단,루이스 리테리어,롯데쇼핑㈜롯데엔터테인먼트,2013-08-22,장편,미국,691,19146691869,2718227,"6,322,143,282","855,244",범죄,12세관람가,일반영화
미스 페레그린과 이상한 아이들의 집,팀 버튼,이십세기폭스코리아(주),2016-09-28,장편,미국,904,21841214586,2718158,"6,220,296,286","737,280",미스터리,12세관람가,일반영화
토르: 러브 앤 썬더,타이카 와이티티,월트디즈니컴퍼니코리아 유한책임회사,2022-07-06,장편,미국,2143,29494473721,2715682,"8,443,171,772","729,804",액션,12세관람가,일반영화
적벽대전 2 : 최후의 결전,오우삼,(주)쇼박스,2009-01-22,장편,중국,426,17910684413,2713031,"5,181,840,500","743,318",액션,15세관람가,일반영화
지.아이.조 : 전쟁의 서막,스티븐 소머즈,(주)씨제이이엔엠,2009-08-06,장편,미국,446,19889126096,2706748,"5,995,248,000","774,359",액션,15세관람가,일반영화
타이탄,루이스 리테리어,워너브러더스 코리아(주),2010-04-01,장편,미국,694,22143097429,2685508,"6,821,236,500","798,779",액션,12세관람가,일반영화
곤지암,정범식,(주)쇼박스,2018-03-28,장편,한국,1124,21442114144,2675559,"4,978,152,594","596,536",공포(호러),15세관람가,일반영화
소원,이준익,롯데쇼핑㈜롯데엔터테인먼트,2013-10-02,장편,한국,641,18251983100,2663170,"3,769,048,600","518,005",드라마,12세관람가,일반영화
살인자의 기억법,원신연,(주)쇼박스,2017-09-06,장편,한국,1064,21361479492,2656694,"5,389,419,142","643,595",범죄,15세관람가,일반영화
브레이킹 던 part2,빌 콘돈,(주)넥스트엔터테인먼트월드(NEW),2012-11-15,장편,미국,665,18909583065,2654817,"5,571,602,065","745,970",드라마,15세관람가,일반영화
탐정 : 더 비기닝,김정훈,(주)씨제이이엔엠,2015-09-24,장편,한국,764,20463956973,2625686,"4,092,941,173","504,961",코미디,15세관람가,일반영화
미니언즈,"피에르 꼬팽,카일 발다",유니버설픽쳐스인터내셔널 코리아(유),2015-07-29,장편,미국,792,18997911278,2625572,"4,787,634,178","630,536",애니메이션,전체관람가,일반영화
후궁 : 제왕의 첩,김대승,롯데쇼핑㈜롯데엔터테인먼트,2012-06-06,장편,한국,624,19250354500,2621436,"5,525,028,500","716,851",사극,청소년관람불가,일반영화
트랜스포머: 최후의 기사,마이클 베이,롯데쇼핑㈜롯데엔터테인먼트,2017-06-21,장편,미국,1739,21501959228,2614601,"5,273,073,728","609,345",액션,12세관람가,일반영화
제이슨 본,폴 그린그래스,유니버설픽쳐스인터내셔널 코리아(유),2016-07-27,장편,미국,827,21253434663,2611966,"6,707,397,843","797,790",액션,15세관람가,일반영화
드래곤 길들이기,딘 데블로이스,유니버설픽쳐스인터내셔널 코리아(유),2010-05-20,장편,미국,562,27471926367,2603857,"9,508,353,500","846,400",애니메이션,전체관람가,일반영화
지금 만나러 갑니다,이장훈,롯데쇼핑㈜롯데엔터테인먼트,2018-03-14,장편,한국,1163,20800916128,2602273,"5,390,273,428","652,981",멜로/로맨스,12세관람가,일반영화
도리를 찾아서,앤드류 스탠튼,월트디즈니컴퍼니코리아(주),2016-07-06,장편,미국,1091,20703899933,2601734,"6,199,961,913","724,706",애니메이션,전체관람가,일반영화
위험한 상견례,김진영,롯데쇼핑㈜롯데엔터테인먼트,2011-03-31,장편,한국,524,19174920500,2595625,"5,930,105,000","765,417",코미디,12세관람가,일반영화
아수라,김성수,(주)씨제이이엔엠,2016-09-28,장편,한국,1278,20576226662,2594028,"5,577,412,282","676,676",범죄,청소년관람불가,일반영화
굿모닝 프레지던트,장진,(주)씨제이이엔엠,2009-10-22,장편,한국,586,18770889320,2583294,"6,239,306,300","815,403",코미디,전체관람가,일반영화
음란서생,김대우,(주)씨제이이엔엠,2006-02-23,장편,한국,0,0,2576022,0,"868,692",사극,청소년관람불가,일반영화
보안관,김형주,롯데쇼핑㈜롯데엔터테인먼트,2017-05-03,장편,한국,1091,20697532509,2571491,"4,093,422,209","491,530",범죄,15세관람가,일반영화
내 머리 속의 지우개,이재한,(주)씨제이이엔엠,2004-11-05,장편,한국,0,0,2565078,0,"797,593",멜로/로맨스,12세관람가,일반영화
기술자들,김홍선,롯데쇼핑㈜롯데엔터테인먼트,2014-12-24,장편,한국,641,19894297783,2564340,"4,534,671,083","564,420",범죄,15세관람가,일반영화
퍼시픽 림,길예르모 델 토로,워너브러더스 코리아(주),2013-07-11,장편,미국,1005,20477392512,2539114,"6,769,401,012","776,183",액션,12세관람가,일반영화
내 생애 가장 아름다운 일주일,민규동,(주)씨제이이엔엠,2005-10-07,장편,한국,0,0,2533103,0,"902,189",멜로/로맨스,15세관람가,일반영화
엑스맨: 퍼스트 클래스,매튜 본,이십세기폭스코리아(주),2011-06-02,장편,미국,587,19063768000,2532306,"6,847,701,000","870,595",액션,12세관람가,일반영화
정글북,존 파브로,월트디즈니컴퍼니코리아(주),2016-06-09,장편,미국,924,21457807134,2532051,"6,360,280,354","702,113",어드벤처,12세관람가,일반영화
해리포터와 아즈카반의 죄수,알폰소 쿠아론,워너브러더스 코리아(주),2004-07-16,장편,미국,0,0,2532000,0,"892,900",드라마,전체관람가,일반영화
목격자,조규장,(주)넥스트엔터테인먼트월드(NEW),2018-08-15,장편,한국,1021,21732042597,2524086,"4,600,434,447","514,732",스릴러,15세관람가,일반영화
패션 오브 크라이스트,멜 깁슨,(주)이수C&E,2004-04-02,장편,미국,0,0,2523700,0,"940,230",드라마,15세관람가,일반영화
마이펫의 이중생활,크리스 리노드,유니버설픽쳐스인터내셔널 코리아(유),2016-08-03,장편,미국,726,19379904655,2517805,"5,360,235,715","656,542",애니메이션,전체관람가,일반영화
증인,이한,롯데컬처웍스(주)롯데엔터테인먼트,2019-02-13,장편,한국,1047,20312348931,2516128,"4,478,036,341","547,326",드라마,12세관람가,일반영화
조작된 도시,박광현,(주)씨제이이엔엠,2017-02-09,장편,한국,1019,20119979587,2512572,"4,696,743,687","564,486",범죄,15세관람가,일반영화
"나니아 연대기-사자,마녀 그리고 옷장",앤드류 아담슨,브에나비스타인터내셔널코리아,2005-12-29,장편,미국,0,0,2505133,0,"714,948",가족,전체관람가,일반영화
터미네이터 3,조나단 모스토우,(주)시네마서비스,2003-07-25,장편,미국,0,0,2491354,0,"832,827",SF,15세관람가,일반영화
우리 형,안권태,(주)씨제이이엔엠,2004-10-08,장편,한국,0,0,2479585,0,"699,725",드라마,15세관람가,일반영화
박수칠 때 떠나라,장진,(주)시네마서비스,2005-08-11,장편,한국,0,0,2475291,0,"815,497",드라마,15세관람가,일반영화
선생 김봉두,장규성,(주)시네마서비스,2003-03-28,장편,한국,0,0,2472135,0,"856,680",코미디,12세관람가,일반영화
반창꼬,정기훈,(주)넥스트엔터테인먼트월드(NEW),2012-12-19,장편,한국,466,17883988787,2471721,"4,304,602,748","568,409",멜로/로맨스,15세관람가,일반영화
블랙머니,정지영,(주)에이스메이커무비웍스,2019-11-13,장편,한국,1117,20747796510,2465678,"5,032,675,390","579,290",범죄,12세관람가,일반영화
보스 베이비,톰 맥그라스,(주)씨제이이엔엠,2017-05-03,장편,미국,1116,18918869704,2450023,"4,724,943,504","582,820",애니메이션,전체관람가,일반영화
화차,변영주,필라멘트픽쳐스,2012-03-08,장편,한국,548,18450760000,2435211,"6,041,917,500","760,953",미스터리,15세관람가,일반영화
이웃사람,김휘,롯데쇼핑㈜롯데엔터테인먼트,2012-08-22,장편,한국,600,18087442369,2434099,"5,411,949,754","697,152",스릴러,청소년관람불가,일반영화
광식이 동생 광태,김현석,(주)엠케이픽처스,2005-11-23,장편,한국,0,0,2430200,0,"806,193",코미디,15세관람가,일반영화
조선명탐정: 흡혈괴마의 비밀,김석윤,(주)쇼박스,2018-02-08,장편,한국,1249,19690818764,2424330,"4,072,581,264","490,363",사극,12세관람가,일반영화
재심,김태윤,오퍼스픽쳐스(유),2017-02-15,장편,한국,935,19263100637,2420729,"4,569,982,837","555,767",드라마,15세관람가,일반영화
신비한 동물들과 그린델왈드의 범죄,데이빗 예이츠,워너브러더스 코리아(주),2018-11-14,장편,미국,1601,20816583118,2414062,"6,579,253,518","721,713",판타지,12세관람가,일반영화
터미네이터: 다크 페이트,팀 밀러,월트디즈니컴퍼니코리아 유한책임회사,2019-10-30,장편,미국,1315,20167141830,2410227,"5,471,943,420","623,198",액션,15세관람가,일반영화
히트맨,최원섭,롯데컬처웍스(주)롯데엔터테인먼트,2020-01-22,장편,한국,1122,20614278000,2406232,"4,072,414,720","472,840",코미디,15세관람가,일반영화
사바하,장재현,(주)씨제이이엔엠,2019-02-20,장편,한국,1174,20002183194,2397792,"5,593,443,364","654,182",미스터리,15세관람가,일반영화
의뢰인,손영성,(주)쇼박스,2011-09-29,장편,한국,522,17797042500,2393086,"5,652,134,000","719,601",스릴러,15세관람가,일반영화
화이: 괴물을 삼킨 아이,장준환,(주)쇼박스,2013-10-09,장편,한국,817,17678676795,2391963,"5,419,118,695","697,799",액션,청소년관람불가,일반영화
테이큰,피에르 모렐,㈜스튜디오이쩜영,2008-04-09,장편,프랑스,254,15971389000,2379830,"5,816,455,000","825,364",범죄,청소년관람불가,일반영화
007 스카이폴,샘 멘데스,소니픽쳐스릴리징월트디즈니스튜디오스코리아(주),2012-10-26,장편,미국,748,17487213000,2376145,"6,160,910,500","793,030",액션,15세관람가,일반영화
스파이더맨 2,샘 레이미,한국소니픽쳐스릴리징브에나비스타영화㈜,2004-06-30,장편,미국,0,0,2367704,0,"771,915",SF,12세관람가,일반영화
가문의 영광4 - 가문의 수난,정태원,(주)넥스트엔터테인먼트월드(NEW),2011-09-07,장편,한국,537,17762035500,2363955,"4,095,559,500","516,319",코미디,15세관람가,일반영화
블라인드,안상훈,(주)넥스트엔터테인먼트월드(NEW),2011-08-10,장편,한국,404,18361430500,2362906,"5,974,758,500","736,580",스릴러,청소년관람불가,일반영화
박열,이준익,플러스엠 엔터테인먼트,2017-06-28,장편,한국,1176,18093543795,2359174,"4,921,077,395","623,230",드라마,12세관람가,일반영화
맨발의 기봉이,권수경,(주)쇼박스,2006-04-26,장편,한국,0,0,2347311,0,"524,357",드라마,전체관람가,일반영화
바람의 파이터,양윤호,영화사청어람(주),2004-08-12,장편,한국,0,0,2346446,0,"634,897",액션,12세관람가,일반영화
작업의 정석,오기환,(주)쇼박스,2005-12-21,장편,한국,0,0,2342232,0,"741,455",코미디,15세관람가,일반영화
첫사랑 사수 궐기 대회,오종록,(주)시네마서비스,2003-06-27,장편,한국,0,0,2339410,0,"741,029",코미디,12세관람가,일반영화
미인도,전윤수,(주)씨제이이엔엠,2008-11-13,장편,한국,463,15531621371,2325715,"4,979,210,500","709,649",사극,청소년관람불가,일반영화
라스트 갓파더,심형래,(주)씨제이이엔엠,2010-12-29,장편,한국,547,16832542997,2316099,"4,836,322,500","633,176",코미디,12세관람가,일반영화
스파이,폴 페이그,이십세기폭스코리아(주),2015-05-21,장편,미국,665,18396836358,2315882,"5,393,002,858","648,385",액션,15세관람가,일반영화
모아나,"론 클레멘츠,존 머스커",월트디즈니컴퍼니코리아 유한책임회사,2017-01-12,장편,미국,953,18055062307,2310054,"4,735,422,707","572,295",애니메이션,전체관람가,일반영화
테이큰 2,올리비에 메가턴,이십세기폭스코리아(주),2012-09-27,장편,프랑스,682,17581098553,2308596,"5,503,312,053","692,896",액션,청소년관람불가,일반영화
하녀,임상수,(주)싸이더스,2010-05-13,장편,한국,577,17310669976,2304487,"5,832,848,500","740,713",스릴러,청소년관람불가,일반영화
메이즈 러너: 데스 큐어,웨스 볼,이십세기폭스코리아(주),2018-01-17,장편,미국,1090,18902873104,2299732,"5,015,312,604","582,686",액션,12세관람가,일반영화
분노의 질주: 더 얼티메이트,저스틴 린,유니버설픽쳐스인터내셔널 코리아(유),2021-05-19,장편,미국,2297,22059658060,2292415,"5,325,279,420","542,395",액션,12세관람가,일반영화
"달콤, 살벌한 연인",손재곤,(주)씨제이이엔엠,2006-04-06,장편,한국,0,0,2286745,0,"766,007",스릴러,청소년관람불가,일반영화
맘마미아!2,올 파커,유니버설픽쳐스인터내셔널 코리아(유),2018-08-08,장편,미국,750,19532365003,2285143,"6,377,571,153","732,343",뮤지컬,12세관람가,일반영화
호빗: 스마우그의 폐허,피터 잭슨,워너브러더스 코리아(주),2013-12-12,장편,미국,811,17850613316,2282744,"3,736,656,816","471,461",어드벤처,12세관람가,일반영화
나잇&데이,제임스 맨골드,이십세기폭스코리아(주),2010-06-24,장편,미국,501,17054262425,2282191,"6,032,890,000","771,899",액션,15세관람가,일반영화
혈의 누,김대승,(주)시네마서비스,2005-05-04,장편,한국,0,0,2274995,0,"763,864",스릴러,청소년관람불가,일반영화
미니언즈2,카일 발다,유니버설픽쳐스인터내셔널 코리아(유),2022-07-20,장편,미국,1394,21999556172,2269024,"4,467,034,398","436,111",애니메이션,전체관람가,일반영화
컨저링,제임스 완,워너브러더스 코리아(주),2013-09-17,장편,미국,553,16353225777,2262758,"4,503,892,277","593,487",공포(호러),15세관람가,일반영화
슈렉 포에버,마이크 미첼,(주)씨제이이엔엠,2010-07-01,장편,미국,561,23178925617,2261356,"8,349,179,500","767,056",애니메이션,전체관람가,일반영화
극락도 살인사건,김한민,(주)엠케이픽처스,2007-04-12,장편,한국,0,0,2259511,0,"647,717",공포(호러),15세관람가,일반영화
이글 아이,D.J. 카루소,(주)씨제이이엔엠,2008-10-09,장편,미국,330,14577167667,2258369,"4,745,696,667","695,165",액션,12세관람가,일반영화
배트맨 대 슈퍼맨: 저스티스의 시작,잭 스나이더,워너브러더스 코리아(주),2016-03-24,장편,미국,1709,18906246428,2256913,"5,864,824,079","663,637",액션,12세관람가,일반영화
레디 플레이어 원,스티븐 스필버그,워너브러더스 코리아(주),2018-03-28,장편,미국,1079,19933108071,2254430,"7,259,199,621","763,259",액션,12세관람가,일반영화
위대한 유산,오상훈,(주)씨제이이엔엠,2003-10-24,장편,한국,0,0,2251491,0,"691,839",코미디,15세관람가,일반영화
배틀쉽,피터 버그,유니버설픽쳐스인터내셔널 코리아(유),2012-04-11,장편,미국,736,16545921500,2241687,"4,666,555,500","597,715",SF,12세관람가,일반영화
매트릭스3 레볼루션,"릴리 워쇼스키,라나 워쇼스키",워너브러더스 코리아(주),2003-11-05,장편,미국,0,0,2240000,0,"930,031",SF,15세관람가,일반영화
셜록홈즈 : 그림자 게임,가이 리치,워너브러더스 코리아(주),2011-12-21,장편,미국,370,16670913500,2239156,"6,013,564,500","774,620",액션,15세관람가,일반영화
박쥐,박찬욱,(주)씨제이이엔엠,2009-04-30,장편,한국,462,15051788827,2237271,"5,232,105,000","741,819",공포(호러),청소년관람불가,일반영화
7광구,김지훈,(주)씨제이이엔엠,2011-08-04,장편,한국,812,19314027000,2232179,"4,908,554,500","528,995",SF,15세관람가,일반영화
타짜: 원 아이드 잭,권오광,롯데컬처웍스(주)롯데엔터테인먼트,2019-09-11,장편,한국,1429,19673441214,2227671,"4,585,277,834","513,548",범죄,청소년관람불가,일반영화
포세이돈,볼프강 페터젠,워너브러더스 코리아(주),2006-05-31,장편,미국,0,0,2214600,0,"787,738",액션,12세관람가,일반영화
셜록 홈즈,가이 리치,워너브러더스 코리아(주),2009-12-23,장편,미국,377,16207513113,2207751,"5,705,938,500","739,965",미스터리,12세관람가,일반영화
007 퀀텀 오브 솔러스,마크 포스터,한국소니픽쳐스릴리징브에나비스타영화㈜,2008-11-05,장편,미국,518,14366688333,2201300,"4,929,184,833","717,142",액션,15세관람가,일반영화
내 여자친구를 소개합니다,곽재용,(주)씨제이이엔엠,2004-06-03,장편,한국,0,0,2199359,0,"659,380",멜로/로맨스,15세관람가,일반영화
마당을 나온 암탉,오성윤,롯데쇼핑㈜롯데엔터테인먼트,2011-07-28,장편,한국,345,14656535500,2199048,"3,749,312,000","538,167",애니메이션,전체관람가,일반영화
댄서의 순정,박영훈,쇼이스트(주),2005-04-28,장편,한국,0,0,2197555,0,"692,461",드라마,12세관람가,일반영화
싱크홀,김지훈,(주)쇼박스,2021-08-11,장편,한국,1603,21395652690,2195683,"3,909,551,320","395,724",코미디,12세관람가,일반영화
악의 연대기,백운학,(주)씨제이이엔엠,2015-05-14,장편,한국,776,17360123332,2192243,"4,131,865,932","498,114",스릴러,15세관람가,일반영화
강남 1970,유하,(주)쇼박스,2015-01-21,장편,한국,841,17717971499,2192172,"4,859,661,899","586,992",액션,청소년관람불가,일반영화
바르게 살자,라희찬,(주)씨제이이엔엠,2007-10-18,장편,한국,0,0,2190250,0,"672,381",코미디,15세관람가,일반영화
늑대의 유혹,김태균,(주)쇼박스,2004-07-22,장편,한국,0,0,2189453,0,"610,971",드라마,12세관람가,일반영화
이상한 나라의 앨리스,팀 버튼,한국소니픽쳐스릴리징브에나비스타영화㈜,2010-03-04,장편,미국,401,20661000236,2182365,"7,781,819,000","760,628",판타지,전체관람가,일반영화
맨 오브 스틸,잭 스나이더,워너브러더스 코리아(주),2013-06-13,장편,미국,998,17092964063,2182227,"6,028,385,063","720,823",SF,12세관람가,일반영화
황해,나홍진,(주)쇼박스,2010-12-22,장편,한국,618,16765970362,2167426,"5,751,617,500","714,591",스릴러,청소년관람불가,일반영화
원더 우먼,팻티 젠킨스,워너브러더스 코리아(주),2017-05-31,장편,미국,1034,17468588886,2165401,"5,360,314,986","639,541",액션,12세관람가,일반영화
초능력자,김민석,(주)넥스트엔터테인먼트월드(NEW),2010-11-10,장편,한국,622,15618440958,2164805,"4,771,902,000","623,616",SF,15세관람가,일반영화
내 사랑 내 곁에,박진표,(주)씨제이이엔엠,2009-09-24,장편,한국,474,15764312409,2160265,"4,551,271,500","592,412",드라마,12세관람가,일반영화
극장판 귀멸의 칼날: 무한열차편,소토자키 하루오,워터홀컴퍼니(주),2021-01-27,장편,일본,380,20656041700,2151861,"5,127,417,970","512,597",애니메이션,15세관람가,일반영화
신의 한 수: 귀수편,리건,(주)씨제이이엔엠,2019-11-07,장편,한국,1246,18390955050,2146764,"4,084,690,170","463,426",범죄,15세관람가,일반영화
마이 웨이,강제규,에스케이플래닛(주),2011-12-21,장편,한국,645,15994803000,2142622,"4,281,032,000","548,651",전쟁,15세관람가,일반영화
겟 아웃,조던 필,유니버설픽쳐스인터내셔널 코리아(유),2017-05-17,장편,미국,945,17431570075,2138146,"5,334,272,375","630,367",공포(호러),15세관람가,일반영화
나의 사랑 나의 신부,임찬상,씨네그루(주)다우기술,2014-10-08,장편,한국,629,16592056305,2135614,"4,663,682,705","571,741",멜로/로맨스,15세관람가,일반영화
범죄의 재구성,최동훈,(주)쇼박스,2004-04-15,장편,한국,0,0,2129358,0,"776,898",스릴러,청소년관람불가,일반영화
사랑,곽경택,롯데쇼핑㈜롯데엔터테인먼트,2007-09-19,장편,한국,0,0,2123815,0,"547,926",멜로/로맨스,15세관람가,일반영화
베놈 2: 렛 데어 비 카니지,앤디 서키스,소니픽쳐스엔터테인먼트코리아주식회사극장배급지점,2021-10-13,장편,미국,1998,21116442890,2123652,"5,215,485,700","507,629",액션,15세관람가,일반영화
세븐 데이즈,원신연,(주)프라임엔터테인먼트,2007-11-14,장편,한국,297,0,2120741,"38,146,000","713,941",스릴러,청소년관람불가,일반영화
굿바이 싱글,김태곤,(주)쇼박스,2016-06-29,장편,한국,841,16912706195,2108273,"4,380,827,515","527,830",코미디,15세관람가,일반영화
블랙 팬서: 와칸다 포에버,라이언 쿠글러,월트디즈니컴퍼니코리아 유한책임회사,2022-11-09,장편,미국,2571,22204998504,2105834,"6,358,592,927","567,798",액션,12세관람가,일반영화
이클립스,데이빗 슬레이드,(주)넥스트엔터테인먼트월드(NEW),2010-07-07,장편,미국,535,15192541723,2105050,"4,906,227,000","648,625",판타지,12세관람가,일반영화
사생결단,최호,(주)씨제이이엔엠,2006-04-27,장편,한국,0,0,2104716,0,"635,987",액션,청소년관람불가,일반영화
엑스맨 : 최후의 전쟁,브렛 래트너,이십세기폭스코리아(주),2006-06-15,장편,미국,0,0,2096180,0,"699,530",SF,12세관람가,일반영화
몽타주,정근섭,(주)넥스트엔터테인먼트월드(NEW),2013-05-16,장편,한국,540,15000722500,2095375,"3,543,306,000","469,536",스릴러,15세관람가,일반영화
색즉시공 시즌2,윤태윤,(주)씨제이이엔엠,2007-12-12,장편,한국,0,0,2088134,"511,288,500","507,498",코미디,청소년관람불가,일반영화
명당,박희곤,플러스엠 엔터테인먼트,2018-09-19,장편,한국,1117,17900775524,2087474,"4,530,609,774","518,726",사극,12세관람가,일반영화
논스톱,자움 콜렛 세라,(주)넥스트엔터테인먼트월드(NEW),2014-02-27,장편,미국,582,16066174940,2084457,"4,940,277,040","611,415",액션,15세관람가,일반영화
내부자들: 디 오리지널,우민호,(주)쇼박스,2015-12-31,장편,한국,838,16973885275,2083999,"4,701,340,971","564,863",범죄,청소년관람불가,일반영화
쩨쩨한 로맨스,김정훈,롯데쇼핑㈜롯데엔터테인먼트,2010-12-01,장편,한국,463,15901620661,2080574,"5,725,361,000","716,536",코미디,청소년관람불가,일반영화
장화신은 고양이,크리스 밀러,(주)씨제이이엔엠,2012-01-12,장편,미국,593,17601188500,2080154,"5,630,702,000","606,226",애니메이션,전체관람가,일반영화
인투 더 스톰,스티븐 쿼일,워너브러더스 코리아(주),2014-08-28,장편,미국,585,16155930332,2078492,"3,815,945,232","472,848",액션,12세관람가,일반영화
로건,제임스 맨골드,월트디즈니컴퍼니코리아 유한책임회사,2017-03-01,장편,미국,954,17590962723,2070084,"5,779,445,923","655,286",액션,청소년관람불가,일반영화
청춘만화,이한,(주)쇼박스,2006-03-23,장편,한국,0,0,2066354,0,"507,416",코미디,12세관람가,일반영화
눈에는 눈 이에는 이,"곽경택,안권태",롯데쇼핑㈜롯데엔터테인먼트,2008-07-31,장편,한국,445,13414023500,2058764,"4,139,247,500","601,154",범죄,15세관람가,일반영화
뷰티 인사이드,백,(주)넥스트엔터테인먼트월드(NEW),2015-08-20,장편,한국,648,16152717131,2053947,"5,031,538,031","611,979",판타지,12세관람가,일반영화
본 얼티메이텀,폴 그린그래스,유니버설픽쳐스인터내셔널 코리아(유),2007-09-12,장편,미국,0,0,2052800,0,"762,025",액션,12세관람가,일반영화
혹성탈출: 종의 전쟁,맷 리브스,이십세기폭스코리아(주),2017-08-15,장편,미국,1017,16851234778,2050909,"4,721,118,278","538,479",액션,12세관람가,일반영화
아라한 장풍대작전,류승완,(주)시네마서비스,2004-04-30,장편,한국,0,0,2050000,0,"756,000",액션,12세관람가,일반영화
소울,피트 닥터,월트디즈니컴퍼니코리아 유한책임회사,2021-01-20,장편,미국,2018,19034164180,2048137,"6,297,246,010","659,789",애니메이션,전체관람가,일반영화
비열한 거리,유하,(주)씨제이이엔엠,2006-06-15,장편,한국,0,0,2047808,0,"633,783",액션,청소년관람불가,일반영화
봉이 김선달,박대민,(주)씨제이이엔엠,2016-07-06,장편,한국,942,16172133642,2044564,"3,545,320,462","432,216",사극,12세관람가,일반영화
비상선언,한재림,(주)쇼박스,2022-08-03,장편,한국,1734,20778871412,2042999,"4,560,827,837","432,547",드라마,12세관람가,일반영화
노아,대런 아로노프스키,(주)씨제이이엔엠,2014-03-20,장편,미국,952,15514083500,2026574,"4,774,266,400","596,745",어드벤처,15세관람가,일반영화
캐리비안의 해적 : 블랙펄의 저주,고어 버빈스키,월트디즈니코리아㈜,2003-09-05,장편,미국,0,0,2010460,0,"738,275",어드벤처,12세관람가,일반영화
레버넌트: 죽음에서 돌아온 자,알레한드로 곤잘레스 이냐리투,이십세기폭스코리아(주),2016-01-14,장편,미국,967,16107288130,2007180,"5,111,304,509","613,536",어드벤처,15세관람가,일반영화
오페라의 유령,조엘 슈마허,(주)팝엔터테인먼트,2004-12-08,장편,미국,0,0,2006880,0,"803,288",뮤지컬,청소년관람불가,일반영화
페르시아의 왕자: 시간의 모래,마이크 뉴웰,한국소니픽쳐스릴리징브에나비스타영화㈜,2010-05-27,장편,미국,570,14717552534,2003533,"4,744,931,500","613,211",액션,12세관람가,일반영화
박물관이 살아있다 2,숀 레비,이십세기폭스코리아(주),2009-06-04,장편,미국,569,12591000149,2002526,"3,546,079,500","533,642",어드벤처,전체관람가,일반영화
천문: 하늘에 묻는다,허진호,롯데컬처웍스(주)롯데엔터테인먼트,2019-12-26,장편,한국,1198,16502543020,2000490,"4,303,987,150","519,037",사극,12세관람가,일반영화
테넷,크리스토퍼 놀란,워너브러더스 코리아(주),2020-08-26,장편,미국,2228,18464298170,1998987,"6,648,665,370","680,773",액션,12세관람가,일반영화
시실리 2km,신정원,(주)쇼박스,2004-08-13,장편,한국,0,0,1987380,0,"552,286",코미디,15세관람가,일반영화
크루엘라,크레이그 질레스피,월트디즈니컴퍼니코리아 유한책임회사,2021-05-26,장편,미국,1184,19252879640,1983397,"6,685,580,860","679,324",드라마,12세관람가,일반영화
육사오(6/45),박규태,(주)홈초이스,2022-08-24,장편,한국,1159,19791166880,1980769,"3,932,407,651","385,835",코미디,12세관람가,일반영화
남자가 사랑할 때,한동욱,(주)넥스트엔터테인먼트월드(NEW),2014-01-22,장편,한국,531,14510222300,1979311,"3,441,120,300","448,985",멜로/로맨스,15세관람가,일반영화
효자동 이발사,임찬상,(주)쇼박스,2004-05-05,장편,한국,0,0,1972377,0,"661,957",드라마,15세관람가,일반영화
루시,뤽 베송,유니버설픽쳐스인터내셔널 코리아(유),2014-09-03,장편,미국,641,16439450039,1971837,"5,101,800,739","586,398",액션,청소년관람불가,일반영화
협상,이종석,(주)씨제이이엔엠,2018-09-19,장편,한국,919,17032133166,1967721,"3,777,056,966","424,008",범죄,15세관람가,일반영화
알리타: 배틀 엔젤,로버트 로드리게즈,월트디즈니컴퍼니코리아 유한책임회사,2019-02-05,장편,미국,1043,18527661667,1949372,"5,508,845,197","540,123",액션,12세관람가,일반영화
뉴 문,크리스 웨이츠,(주)넥스트엔터테인먼트월드(NEW),2009-12-02,장편,미국,532,13988362067,1949027,"4,807,037,000","636,212",판타지,12세관람가,일반영화
천사와 악마,론 하워드,한국소니픽쳐스릴리징브에나비스타영화㈜,2009-05-14,장편,미국,558,12734649711,1936321,"4,509,133,500","653,372",미스터리,15세관람가,일반영화
애나벨 : 인형의 주인,데이비드 F. 샌드버그,워너브러더스 코리아(주),2017-08-10,장편,미국,1006,15526858738,1934192,"3,970,570,338","472,569",공포(호러),15세관람가,일반영화
가족,이정철,(주)튜브엔터테인먼트,2004-09-03,장편,한국,0,0,1932304,0,"545,909",드라마,15세관람가,일반영화
컨저링 2,제임스 완,워너브러더스 코리아(주),2016-06-09,장편,미국,635,15737956229,1926201,"3,866,716,509","453,800",공포(호러),15세관람가,일반영화
터보,데이빗 소렌,(주)씨제이이엔엠,2013-07-25,장편,미국,634,13113579000,1923748,"2,894,499,000","398,526",애니메이션,전체관람가,일반영화
애자,정기훈,(주)시너지하우스 (시너지),2009-09-09,장편,한국,262,13785879439,1922634,"3,876,788,000","514,001",드라마,15세관람가,일반영화
잠복근무,박광춘,(주)쇼박스,2005-03-17,장편,한국,0,0,1914941,0,"431,865",코미디,15세관람가,일반영화
그림자 살인,박대민,(주)씨제이이엔엠,2009-04-02,장편,한국,387,12805808556,1914779,"4,256,402,500","604,843",미스터리,15세관람가,일반영화
영웅,장예모,(유)조이앤시네마,2003-01-24,장편,중국,0,0,1910000,0,"795,000",사극,12세관람가,일반영화
#살아있다,조일형,롯데컬처웍스(주)롯데엔터테인먼트,2020-06-24,장편,한국,1882,15965329900,1903703,"3,885,303,840","476,332",드라마,15세관람가,일반영화
내안의 그놈,강효진,(주)메리크리스마스,2019-01-09,장편,한국,1041,16293580567,1901684,"3,159,829,257","357,691",판타지,15세관람가,일반영화
수어사이드 스쿼드,데이비드 에이어,워너브러더스 코리아(주),2016-08-03,장편,미국,823,15873106188,1898121,"4,616,155,428","521,174",액션,15세관람가,일반영화
헤어질 결심,박찬욱,(주)씨제이이엔엠,2022-06-29,장편,한국,1374,19670894878,1897030,"8,018,216,464","762,533",미스터리,15세관람가,일반영화
오늘의 연애,박진표,(주)씨제이이엔엠,2015-01-14,장편,한국,709,14924654487,1891993,"3,951,958,987","480,061",멜로/로맨스,15세관람가,일반영화
글러브,강우석,(주)씨제이이엔엠,2011-01-20,장편,한국,605,13757574500,1888100,"3,986,844,000","520,939",드라마,전체관람가,일반영화
러브 액츄얼리,리차드 커티스,(주)제이앤씨미디어그룹,2003-12-05,장편,미국,0,0,1887000,0,"940,000",멜로/로맨스,청소년관람불가,독립/예술영화
라디오 스타,이준익,(주)시네마서비스,2006-09-28,장편,한국,0,0,1879501,0,"691,408",드라마,12세관람가,일반영화
퍼시 잭슨과 번개 도둑,크리스 콜럼버스,이십세기폭스코리아(주),2010-02-11,장편,미국,353,13372357257,1877226,"3,823,887,000","508,812",판타지,12세관람가,일반영화
해결사,권혁재,(주)넥스트엔터테인먼트월드(NEW),2010-09-09,장편,한국,524,14063913437,1873327,"3,623,264,000","456,531",액션,15세관람가,일반영화
"색, 계",이안,(주)제이앤씨미디어그룹,2007-11-08,장편,미국,0,0,1866900,0,"731,668",드라마,청소년관람불가,독립/예술영화
연애의 온도,노덕,롯데쇼핑㈜롯데엔터테인먼트,2013-03-21,장편,한국,567,13798864446,1865195,"4,915,094,946","642,588",멜로/로맨스,청소년관람불가,일반영화
아이들...,이규만,롯데쇼핑㈜롯데엔터테인먼트,2011-02-17,장편,한국,504,13562608500,1864408,"3,413,341,000","443,026",범죄,15세관람가,일반영화
마약왕,우민호,(주)쇼박스,2018-12-19,장편,한국,1297,16222446942,1864076,"3,961,025,202","444,222",범죄,청소년관람불가,일반영화
테이큰 3,올리비에 메가턴,이십세기폭스코리아(주),2015-01-01,장편,미국,616,15088105000,1860934,"4,082,036,100","487,343",액션,15세관람가,일반영화
구세주,김정우,쇼이스트(주),2006-02-16,장편,한국,0,0,1858668,0,"426,269",코미디,15세관람가,일반영화
코리아,문현성,(주)씨제이이엔엠,2012-05-03,장편,한국,537,13334762500,1857392,"3,257,620,500","430,385",드라마,12세관람가,일반영화
지.아이.조 2,존 추,(주)씨제이이엔엠,2013-03-28,장편,미국,766,14457048500,1855917,"4,297,507,500","525,451",액션,15세관람가,일반영화
노무현입니다,이창재,CGV아트하우스,2017-05-25,장편,한국,775,14554935612,1854867,"3,471,668,912","427,607",다큐멘터리,12세관람가,일반영화
집으로 가는 길,방은진,(주)씨제이이엔엠,2013-12-11,장편,한국,740,13048519745,1854625,"3,235,828,745","440,958",드라마,15세관람가,일반영화
악마를 보았다,김지운,(주)쇼박스,2010-08-12,장편,한국,494,14148937025,1848418,"4,418,565,000","551,368",스릴러,청소년관람불가,일반영화
바람피기 좋은 날,장문일,(주)시네마서비스,2007-02-08,장편,한국,0,0,1847875,0,"568,786",드라마,청소년관람불가,일반영화
콘스탄틴,프란시스 로렌스,워너브러더스 코리아(주),2005-02-08,장편,미국,0,0,1845000,0,"697,500",드라마,15세관람가,일반영화
뺑반,한준희,(주)쇼박스,2019-01-30,장편,한국,1285,15222811848,1826714,"3,228,907,718","376,646",범죄,15세관람가,일반영화
흡혈형사 나도열,이시명,(주)쇼박스,2006-02-09,장편,한국,0,0,1824822,0,"470,475",코미디,15세관람가,일반영화
나의 PS 파트너,변성현,(주)씨제이이엔엠,2012-12-06,장편,한국,552,13845218616,1823116,"4,448,949,593","564,999",멜로/로맨스,청소년관람불가,일반영화
007 스펙터,샘 멘데스,유니버설픽쳐스인터내셔널 코리아(유),2015-11-11,장편,영국,1105,14302132030,1820842,"4,498,038,930","548,085",액션,15세관람가,일반영화
캐치 미 이프 유 캔,스티븐 스필버그,(주)씨제이이엔엠,2003-01-24,장편,미국,0,0,1807612,0,"724,331",드라마,15세관람가,일반영화
변신,김홍선,(주)에이스메이커무비웍스,2019-08-21,장편,한국,975,15417922925,1804112,"3,329,066,895","375,676",공포(호러),15세관람가,일반영화
차우,신정원,롯데쇼핑㈜롯데엔터테인먼트,2009-07-15,장편,한국,397,12676951144,1799356,"3,362,197,000","450,304",액션,12세관람가,일반영화
작전명 발키리,브라이언 싱어,이십세기폭스코리아(주),2009-01-22,장편,미국,372,11972135869,1798205,"3,785,088,000","539,828",스릴러,12세관람가,일반영화
목포는 항구다,김지훈,코리아픽쳐스(주),2004-02-20,장편,한국,0,0,1795700,0,"382,100",드라마,15세관람가,일반영화
강철비2: 정상회담,양우석,롯데컬처웍스(주)롯데엔터테인먼트,2020-07-29,장편,한국,2137,14655366110,1790797,"3,474,597,010","441,770",드라마,15세관람가,일반영화
분노의 질주: 더 맥시멈,저스틴 린,유니버설픽쳐스인터내셔널 코리아(유),2013-05-22,장편,미국,656,13203523042,1790457,"3,808,832,042","490,893",액션,15세관람가,일반영화
아내가 결혼했다,정윤수,(주)씨제이이엔엠,2008-10-23,장편,한국,414,11995855000,1788748,"4,332,092,500","617,538",멜로/로맨스,청소년관람불가,일반영화
저스티스 리그,잭 스나이더,워너브러더스 코리아(주),2017-11-15,장편,미국,1308,14629692795,1786386,"4,549,730,995","524,158",액션,12세관람가,일반영화
여고괴담 세번째 이야기: 여우계단,윤재연,(주)시네마서비스,2003-08-01,장편,한국,0,0,1784479,0,"538,429",공포(호러),12세관람가,일반영화
"아이, 로봇",알렉스 프로야스,이십세기폭스필름코퍼레이션,2004-07-30,장편,미국,0,0,1777470,0,"586,098",SF,12세관람가,일반영화
벤자민 버튼의 시간은 거꾸로 간다,데이빗 핀처,(주)일레븐엔터테인먼트,2009-02-12,장편,미국,313,11603912005,1767051,"4,484,156,500","649,782",드라마,12세관람가,독립/예술영화
공범,국동석,(주)씨제이이엔엠,2013-10-24,장편,한국,611,12333110882,1766285,"3,073,743,882","413,549",스릴러,15세관람가,일반영화
수퍼맨 리턴즈,브라이언 싱어,워너브러더스 코리아(주),2006-06-28,장편,미국,0,0,1764758,0,"646,008",SF,전체관람가,일반영화
나를 찾아줘,데이빗 핀처,이십세기폭스코리아(주),2014-10-23,장편,미국,658,14017716731,1764233,"5,591,958,031","681,067",스릴러,청소년관람불가,일반영화
대호,박훈정,(주)넥스트엔터테인먼트월드(NEW),2015-12-16,장편,한국,892,13489904632,1762742,"3,054,751,306","383,850",사극,12세관람가,일반영화
걸리버 여행기,롭 레터맨,이십세기폭스코리아(주),2011-01-27,장편,미국,513,16441355500,1762070,"4,505,618,000","442,035",코미디,전체관람가,일반영화
주먹왕 랄프 2: 인터넷 속으로,리치 무어,월트디즈니컴퍼니코리아 유한책임회사,2019-01-03,장편,미국,1453,13877029723,1754375,"3,619,852,653","429,885",애니메이션,전체관람가,일반영화
거룩한 계보,장진,(주)씨제이이엔엠,2006-10-19,장편,한국,0,0,1744677,0,"423,584",드라마,15세관람가,일반영화
이미테이션 게임,모튼 틸덤,플러스엠 엔터테인먼트,2015-02-17,장편,영국,541,13654746120,1743774,"4,581,883,920","569,958",드라마,15세관람가,일반영화
샹치와 텐 링즈의 전설,데스틴 다니엘 크리튼,월트디즈니컴퍼니코리아 유한책임회사,2021-09-01,장편,미국,1784,17691789720,1739052,"5,222,818,950","496,069",액션,12세관람가,일반영화
전설의 주먹,강우석,(주)씨제이이엔엠,2013-04-10,장편,한국,724,12732236500,1737253,"3,596,610,500","473,110",드라마,청소년관람불가,일반영화
연애의 목적,한재림,(주)씨제이이엔엠,2005-06-10,장편,한국,0,0,1735977,0,"692,475",드라마,청소년관람불가,일반영화
제보자,임순례,플러스엠 엔터테인먼트,2014-10-02,장편,한국,676,13371522302,1735640,"3,805,990,802","474,188",드라마,12세관람가,일반영화
악마는 프라다를 입는다,데이빗 프랭클,(주)퍼스트런,2006-10-25,장편,미국,0,0,1730719,0,"664,697",드라마,12세관람가,일반영화
씽,가스 제닝스,유니버설픽쳐스인터내셔널 코리아(유),2016-12-21,장편,미국,795,13257953389,1729426,"3,515,441,489","434,689",애니메이션,전체관람가,일반영화
주먹이 운다(Crying Fist),류승완,쇼이스트(주),2005-04-01,장편,한국,0,0,1728477,0,"588,630",드라마,15세관람가,일반영화
러브픽션,전계수,(주)넥스트엔터테인먼트월드(NEW),2012-02-29,장편,한국,617,13200412500,1726202,"4,746,233,500","593,077",멜로/로맨스,15세관람가,일반영화
스타워즈 에피소드3 - 시스의복수,조지 루카스,이십세기폭스필름코퍼레이션,2005-05-26,장편,미국,0,0,1722800,0,"651,210",SF,전체관람가,일반영화
킬러의 보디가드,패트릭 휴즈,(주)제이앤씨미디어그룹,2017-08-30,장편,미국,482,14020395800,1721757,"4,048,575,300","488,376",액션,15세관람가,일반영화
교섭,임순례,플러스엠 엔터테인먼트,2023-01-18,장편,한국,1289,17458549841,1720865,"3,691,878,663","355,049",드라마,12세관람가,일반영화
언터처블: 1%의 우정,"올리비에르 나카체,에릭 토레다노",(주)넥스트엔터테인먼트월드(NEW),2012-03-22,장편,프랑스,454,12731016000,1719772,"4,700,697,000","606,387",코미디,12세관람가,일반영화
담보,강대규,(주)씨제이이엔엠,2020-09-29,장편,한국,1342,14749476550,1719592,"2,689,563,450","305,919",드라마,12세관람가,일반영화
평양성,이준익,롯데쇼핑㈜롯데엔터테인먼트,2011-01-27,장편,한국,451,12684530500,1717566,"3,145,453,500","405,140",전쟁,12세관람가,일반영화
샌 안드레아스,브래드 페이튼,워너브러더스 코리아(주),2015-06-03,장편,미국,847,14411907152,1714071,"3,828,644,552","430,540",액션,12세관람가,일반영화
파파로티,윤종찬,(주)쇼박스,2013-03-14,장편,한국,552,11808286000,1713891,"3,136,119,000","433,742",드라마,15세관람가,일반영화
밀양,이창동,(주)시네마서비스,2007-05-23,장편,한국,0,0,1710364,0,"561,458",드라마,15세관람가,독립/예술영화
쥬만지: 새로운 세계,제이크 캐스단,소니픽쳐스엔터테인먼트코리아주식회사극장배급지점,2018-01-03,장편,미국,791,13814824864,1708672,"3,546,830,914","421,003",액션,12세관람가,일반영화
쎄시봉,김현석,(주)씨제이이엔엠,2015-02-05,장편,한국,829,13509581911,1707487,"3,396,629,711","414,692",멜로/로맨스,15세관람가,일반영화
님은 먼 곳에,이준익,(주)쇼박스,2008-07-24,장편,한국,499,11211235000,1706576,"3,753,937,167","545,819",드라마,15세관람가,일반영화
품행제로,조근식,영화사청어람(주),2002-12-26,장편,한국,0,0,1694637,0,"437,218",코미디,15세관람가,일반영화
토르: 천둥의 신,케네스 브래너,(주)씨제이이엔엠,2011-04-28,장편,미국,496,15985407000,1694529,"5,350,815,000","519,905",액션,12세관람가,일반영화
조폭마누라3,조진규,(주)쇼박스,2006-12-28,장편,한국,0,0,1690465,0,"339,549",액션,15세관람가,일반영화
불꽃처럼 나비처럼,김용균,(주)쇼박스,2009-09-24,장편,한국,437,12447633504,1690294,"3,677,266,500","475,245",멜로/로맨스,15세관람가,일반영화
알포인트,공수창,(주)시네마서비스,2004-08-20,장편,한국,0,0,1689000,0,"540,000",전쟁,15세관람가,일반영화
콩: 스컬 아일랜드,조던 복트-로버츠,워너브러더스 코리아(주),2017-03-08,장편,미국,984,13951644383,1685933,"3,315,501,383","382,935",액션,12세관람가,일반영화
점퍼,더그 라이만,이십세기폭스필름코퍼레이션,2008-02-14,장편,미국,353,10999769000,1685405,"3,677,476,000","535,228",SF,15세관람가,일반영화
피끓는 청춘,이연우,롯데쇼핑㈜롯데엔터테인먼트,2014-01-22,장편,한국,679,11688382888,1676040,"2,648,698,888","362,379",코미디,15세관람가,일반영화
23 아이덴티티,M. 나이트 샤말란,유니버설픽쳐스인터내셔널 코리아(유),2017-02-22,장편,미국,952,13609456135,1675798,"4,134,850,035","490,806",스릴러,15세관람가,일반영화
알렉산더,올리버 스톤,(주)시네마서비스,2004-12-31,장편,미국,0,0,1671576,0,"530,331",전쟁,15세관람가,일반영화
PMC: 더 벙커,김병우,(주)씨제이이엔엠,2018-12-26,장편,한국,1081,14024838424,1671548,"3,416,787,594","394,373",액션,15세관람가,일반영화
마다가스카의 펭귄,"에릭 다넬,사이몬 J.스미스",(주)씨제이이엔엠,2014-12-31,장편,미국,615,12498978959,1661230,"3,023,319,659","382,230",애니메이션,전체관람가,일반영화
아이스 에이지 4: 대륙 이동설,"스티브 마티노,마이크 트메이어",이십세기폭스코리아(주),2012-07-25,장편,미국,501,12291809704,1648070,"3,012,620,000","376,094",애니메이션,전체관람가,일반영화
공모자들,김홍선,씨너스엔터테인먼트(주),2012-08-29,장편,한국,496,12240964500,1646142,"3,347,272,500","427,942",범죄,청소년관람불가,일반영화
그대를 사랑합니다,추창민,(주)넥스트엔터테인먼트월드(NEW),2011-02-17,장편,한국,242,12005917000,1640351,"3,938,125,000","517,602",드라마,15세관람가,독립/예술영화
인질,필감성,(주)넥스트엔터테인먼트월드(NEW),2021-08-18,장편,한국,1288,15585244870,1638439,"3,252,498,560","373,813",액션,15세관람가,일반영화
임금님의 사건수첩,문현성,(주)씨제이이엔엠,2017-04-26,장편,한국,1054,12648793723,1634403,"3,034,042,823","380,247",코미디,12세관람가,일반영화
고死 : 피의 중간고사,창,에스케이텔레콤(주),2008-08-07,장편,한국,270,10299976000,1634051,"2,309,889,500","344,864",공포(호러),15세관람가,일반영화
반 헬싱,스티븐 소머즈,(주)스튜디오이쩜영,2004-07-30,장편,미국,0,0,1631359,0,"519,558",액션,15세관람가,일반영화
마다가스카3 : 이번엔 서커스다!,"에릭 다넬,톰 맥그라스,콘래드 베논",(주)씨제이이엔엠,2012-06-06,장편,미국,564,12494860000,1626704,"3,690,019,500","447,184",애니메이션,전체관람가,일반영화
걸캅스,정다원,(주)씨제이이엔엠,2019-05-09,장편,한국,973,13772604134,1625037,"3,195,307,954","367,990",코미디,15세관람가,일반영화
블랙 스완,대런 아로노프스키,(주)영화사 그램,2011-02-24,장편,미국,294,12484096000,1623199,"5,412,384,000","677,998",드라마,청소년관람불가,일반영화
분노의 질주: 언리미티드,저스틴 린,유니버설픽쳐스인터내셔널 코리아(유),2011-04-20,장편,미국,457,12292868000,1621973,"4,007,958,500","504,937",스릴러,15세관람가,일반영화
마다가스카,"에릭 다넬,톰 맥그라스",(주)씨제이이엔엠,2005-07-14,장편,미국,0,0,1620031,0,"565,676",애니메이션,전체관람가,일반영화
권순분여사 납치사건,김상진,(주)시네마서비스,2007-09-12,장편,한국,0,0,1619190,0,"437,939",코미디,15세관람가,일반영화
무방비도시,이상기,(주)씨제이이엔엠,2008-01-10,장편,한국,336,10591349944,1613728,"3,030,958,444","440,111",범죄,15세관람가,일반영화
우아한 거짓말,이한,CGV아트하우스,2014-03-13,장편,한국,555,11694011300,1613392,"2,889,534,200","382,305",드라마,12세관람가,일반영화
하울링,유하,(주)씨제이이엔엠,2012-02-16,장편,한국,550,11765293500,1612554,"2,751,165,500","355,720",범죄,15세관람가,일반영화
두근두근 내 인생,이재용,(주)씨제이이엔엠,2014-09-03,장편,한국,629,12191623034,1611519,"2,557,981,934","322,968",드라마,12세관람가,일반영화
복면달호,"김상찬,김현수",㈜스튜디오이쩜영,2007-02-14,장편,한국,0,0,1611192,0,"369,580",코미디,12세관람가,일반영화
사자,김주환,롯데컬처웍스(주)롯데엔터테인먼트,2019-07-31,장편,한국,1405,12917306145,1609737,"3,155,811,715","380,265",미스터리,15세관람가,일반영화
닥터 두리틀,스티븐 개건,유니버설픽쳐스인터내셔널 코리아(유),2020-01-08,장편,미국,1290,13449206760,1607082,"3,702,475,700","425,975",판타지,전체관람가,일반영화
스타트렉 다크니스,J.J. 에이브럼스,(주)씨제이이엔엠,2013-05-30,장편,미국,607,12964828000,1605271,"4,797,934,000","557,358",액션,12세관람가,일반영화
창궐,김성훈,(주)넥스트엔터테인먼트월드(NEW),2018-10-25,장편,한국,1351,13275772490,1599290,"3,015,779,340","352,559",사극,15세관람가,일반영화
로빈 후드,리들리 스콧,유니버설픽쳐스인터내셔널 코리아(유),2010-05-13,장편,미국,555,11746340129,1596574,"3,818,192,500","492,605",액션,15세관람가,일반영화
더 폰,김봉주,(주)넥스트엔터테인먼트월드(NEW),2015-10-22,장편,한국,794,12309164568,1593694,"2,963,876,068","366,753",스릴러,15세관람가,일반영화
성난황소,김민호,(주)쇼박스,2018-11-22,장편,한국,1010,13236490737,1593386,"2,517,251,837","293,079",범죄,15세관람가,일반영화
300: 제국의 부활,노암 머로,워너브러더스 코리아(주),2014-03-06,장편,미국,720,13395159700,1593116,"4,270,110,800","481,429",액션,청소년관람불가,일반영화
간 큰 가족,조명남,(주)쇼박스,2005-06-09,장편,한국,0,0,1593038,0,"409,176",코미디,12세관람가,일반영화
라이프 오브 파이,이안,주식회사 해리슨앤컴퍼니,2013-01-01,장편,미국,392,15812506500,1588373,"6,744,353,500","631,357",어드벤처,전체관람가,독립/예술영화
지구가 멈추는 날,스콧 데릭슨,이십세기폭스코리아(주),2008-12-24,장편,미국,469,10395192543,1576333,"3,176,244,333","453,854",SF,12세관람가,일반영화
적벽대전:거대한 전쟁의 시작,오우삼,(주)쇼박스,2008-07-10,장편,중국,447,10218959760,1573621,"3,441,752,000","502,882",액션,15세관람가,일반영화
와일드 카드,김유진,(주)시네마서비스,2003-05-16,장편,한국,0,0,1571931,0,"550,174",범죄,청소년관람불가,일반영화
삼진그룹 영어토익반,이종필,롯데컬처웍스(주)롯데엔터테인먼트,2020-10-21,장편,한국,1615,13985885870,1571774,"3,946,153,940","444,282",드라마,12세관람가,일반영화
무적자,송해성,(주)씨제이이엔엠,2010-09-16,장편,한국,416,11816488677,1571432,"2,859,696,500","358,104",드라마,15세관람가,일반영화
미녀삼총사 : 맥시멈 스피드,맥지,한국소니픽쳐스릴리징브에나비스타영화㈜,2003-06-27,장편,미국,0,0,1566696,0,"645,472",액션,12세관람가,일반영화
원스어폰어타임,정용기,(유)씨에이치엔터테인먼트,2008-01-31,장편,한국,315,10180143111,1562486,"2,842,247,111","413,874",액션,12세관람가,일반영화
위플래쉬,데이미언 셔젤,워터홀컴퍼니(주),2015-03-12,장편,미국,436,12445626245,1561815,"5,238,475,345","635,871",드라마,15세관람가,독립/예술영화
범블비,트래비스 나이트,롯데컬처웍스(주)롯데엔터테인먼트,2018-12-25,장편,미국,1016,13090949707,1561643,"3,204,981,287","368,023",액션,12세관람가,일반영화
야수와 미녀,이계벽,(주)쇼박스,2005-10-27,장편,한국,0,0,1561282,0,"455,824",코미디,12세관람가,일반영화
마파도2,이상훈,(주)씨제이이엔엠,2007-01-18,장편,한국,0,0,1560297,0,"323,905",코미디,12세관람가,일반영화
용의자X,방은진,(주)씨제이이엔엠,2012-10-18,장편,한국,553,11241013000,1552055,"3,368,822,000","444,111",미스터리,15세관람가,일반영화
듄,드니 빌뇌브,워너브러더스 코리아(주),2021-10-20,장편,미국,1576,16903293110,1549346,"6,583,109,040","576,084",SF,12세관람가,일반영화
도어락,이권,플러스엠 엔터테인먼트,2018-12-05,장편,한국,954,12694612486,1545442,"2,808,006,386","326,012",스릴러,15세관람가,일반영화
도굴,박정배,(주)씨제이이엔엠,2020-11-04,장편,한국,1635,13947969670,1543813,"3,235,832,320","355,865",범죄,12세관람가,일반영화
해바라기,강석범,(주)쇼박스,2006-11-23,장편,한국,0,0,1543429,0,"368,329",액션,15세관람가,일반영화
외계+인 1부,최동훈,(주)씨제이이엔엠,2022-07-20,장편,한국,1959,15987826548,1538504,"3,879,858,553","355,262",액션,12세관람가,일반영화
유감스러운 도시,김동원,(주)씨제이이엔엠,2009-01-22,장편,한국,375,10300187478,1534911,"2,231,852,000","311,803",코미디,15세관람가,일반영화
작전,이호재,(주)쇼박스,2009-02-12,장편,한국,393,10198304795,1534407,"3,071,680,000","441,745",범죄,15세관람가,일반영화
S 다이어리,권종관,(주)씨제이이엔엠,2004-10-22,장편,한국,0,0,1531840,0,"489,706",코미디,15세관람가,일반영화
중천,조동오,(주)씨제이이엔엠,2006-12-21,장편,한국,0,0,1531220,0,"402,138",액션,12세관람가,일반영화
정직한 후보,장유정,(주)넥스트엔터테인먼트월드(NEW),2020-02-12,장편,한국,1187,12765456530,1525718,"2,843,152,830","331,403",코미디,12세관람가,일반영화
벼랑 위의 포뇨,미야자키 하야오,(주)쇼박스,2008-12-17,장편,일본,379,9546895503,1521842,"3,155,013,000","472,286",애니메이션,전체관람가,일반영화
오블리비언,조셉 코신스키,유니버설픽쳐스인터내셔널 코리아(유),2013-04-11,장편,미국,634,11165841500,1515356,"3,772,808,000","484,314",액션,15세관람가,일반영화
몬스터 호텔 2,젠디 타타코브스키,유니버설픽쳐스인터내셔널 코리아(유),2015-12-24,장편,미국,686,11088271276,1515104,"2,466,450,593","325,206",애니메이션,전체관람가,일반영화
내사랑 싸가지,신동엽,(주)시네마서비스,2004-01-16,장편,한국,0,0,1513000,0,"351,500",코미디,12세관람가,일반영화
엑소더스: 신들과 왕들,리들리 스콧,이십세기폭스코리아(주),2014-12-03,장편,미국,865,12444133926,1511145,"3,884,573,126","451,543",드라마,12세관람가,일반영화
퍼펙트 게임,박희곤,롯데쇼핑㈜롯데엔터테인먼트,2011-12-21,장편,한국,413,11220408500,1507084,"3,504,286,500","450,844",드라마,12세관람가,일반영화
드래곤 길들이기 3,딘 데블로이스,유니버설픽쳐스인터내셔널 코리아(유),2019-01-30,장편,미국,971,12340610576,1506942,"3,246,170,416","369,678",애니메이션,전체관람가,일반영화
리틀 포레스트,임순례,플러스엠 엔터테인먼트,2018-02-28,장편,한국,884,11924818185,1505560,"3,853,015,885","474,626",드라마,전체관람가,일반영화
인디펜던스 데이 : 리써전스,롤랜드 에머리히,이십세기폭스코리아(주),2016-06-22,장편,미국,926,12770879840,1500830,"3,608,327,100","398,361",액션,12세관람가,일반영화
엑스맨 2,브라이언 싱어,이십세기폭스필름코퍼레이션,2003-04-30,장편,미국,0,0,1500000,0,"579,460",SF,12세관람가,일반영화
더 게임,윤인호,기타,2008-01-30,장편,한국,339,9869346557,1496214,"3,151,455,557","453,937",스릴러,15세관람가,일반영화
B형 남자친구,최석원,롯데쇼핑㈜롯데엔터테인먼트,2005-02-03,장편,한국,0,0,1485454,0,"347,896",코미디,12세관람가,일반영화
토이 스토리 3,리 언크리치,한국소니픽쳐스릴리징브에나비스타영화㈜,2010-08-05,장편,미국,394,14556420970,1484843,"5,326,645,000","511,917",가족,전체관람가,일반영화
킹덤 오브 헤븐,리들리 스콧,이십세기폭스필름코퍼레이션,2005-05-04,장편,미국,0,0,1484000,0,"482,917",액션,15세관람가,일반영화
나니아 연대기:캐스피언 왕자,앤드류 아담슨,한국소니픽쳐스릴리징브에나비스타영화㈜,2008-05-15,장편,미국,551,9236952333,1478573,"2,808,375,333","427,352",어드벤처,전체관람가,일반영화
어스,조던 필,유니버설픽쳐스인터내셔널 코리아(유),2019-03-27,장편,미국,1132,12586771104,1475087,"4,105,738,924","463,806",공포(호러),15세관람가,일반영화
차이나타운,한준희,CGV아트하우스,2015-04-29,장편,한국,551,11989400678,1472006,"3,327,822,078","395,351",범죄,청소년관람불가,일반영화
스윙키즈,강형철,(주)넥스트엔터테인먼트월드(NEW),2018-12-19,장편,한국,984,12077312892,1470753,"3,606,050,352","421,172",드라마,12세관람가,일반영화
부라더,장유정,플러스엠 엔터테인먼트,2017-11-02,장편,한국,889,11590908298,1468301,"2,357,877,298","287,039",코미디,12세관람가,일반영화
해무(海霧),심성보,(주)넥스트엔터테인먼트월드(NEW),2014-08-13,장편,한국,584,11631310219,1466830,"3,232,230,219","393,674",드라마,청소년관람불가,일반영화
브레이킹 던 part1,빌 콘돈,(주)넥스트엔터테인먼트월드(NEW),2011-11-30,장편,미국,636,10713863000,1462280,"3,478,893,500","452,507",드라마,15세관람가,일반영화
브리짓 존스의 일기2 : 열정과 애정,비번 키드론,UIP코리아,2004-12-08,장편,영국,0,0,1462000,0,"670,406",멜로/로맨스,15세관람가,일반영화
홀리데이,양윤호,롯데쇼핑㈜롯데엔터테인먼트,2006-01-19,장편,한국,0,0,1458896,0,"372,051",드라마,청소년관람불가,일반영화
새미의 어드벤쳐 2,벤 스타센,(주)씨제이이엔엠,2012-08-01,장편,기타,486,10805555000,1452872,"2,214,827,000","279,930",애니메이션,전체관람가,일반영화
젠틀맨 리그,스티븐 노링턴,기타,2003-08-14,장편,미국,0,0,1450000,0,"445,810",액션,12세관람가,일반영화
각설탕,이환경,(주)씨제이이엔엠,2006-08-10,장편,한국,0,0,1446820,0,"430,896",드라마,전체관람가,일반영화
나쁜 녀석들 II,마이클 베이,콜럼비아트라이스타,2003-08-08,장편,미국,0,0,1446741,0,"581,783",액션,청소년관람불가,일반영화
위대한 개츠비,바즈 루어만,워너브러더스 코리아(주),2013-05-16,장편,미국,562,10580582143,1445124,"4,776,767,643","625,029",드라마,15세관람가,일반영화
말레피센트 2,요아킴 뢰닝,월트디즈니컴퍼니코리아 유한책임회사,2019-10-17,장편,미국,1108,12191395690,1444952,"3,153,886,600","352,835",어드벤처,12세관람가,일반영화
인간중독,김대우,(주)넥스트엔터테인먼트월드(NEW),2014-05-14,장편,한국,682,11284787400,1441964,"3,245,824,400","399,065",멜로/로맨스,청소년관람불가,일반영화
나의 특별한 형제,육상효,(주)넥스트엔터테인먼트월드(NEW),2019-05-01,장편,한국,936,11835049574,1441813,"2,227,671,104","263,613",드라마,12세관람가,일반영화
궁녀,김미정,(주)시네마서비스,2007-10-18,장편,한국,0,0,1438531,0,"409,476",미스터리,청소년관람불가,일반영화
잃어버린 세계를 찾아서,에릭 브리빅,롯데쇼핑㈜롯데엔터테인먼트,2008-12-17,장편,미국,316,9339002945,1438353,"2,232,136,500","317,918",SF,전체관람가,일반영화
다이하드: 굿 데이 투 다이,존 무어,이십세기폭스코리아(주),2013-02-06,장편,미국,459,10825703000,1438056,"2,967,502,000","373,401",액션,15세관람가,일반영화
주홍글씨,변혁,(주)쇼박스,2004-10-29,장편,한국,0,0,1437549,0,"489,254",스릴러,청소년관람불가,일반영화
탐정 홍길동: 사라진 마을,조성희,(주)씨제이이엔엠,2016-05-04,장편,한국,764,11483686845,1426873,"2,822,840,805","336,208",드라마,15세관람가,일반영화
보이스,"김선,김곡",(주)씨제이이엔엠,2021-09-15,장편,한국,1296,14025546720,1426357,"2,973,358,110","303,001",범죄,15세관람가,일반영화
런닝맨,조동오,이십세기폭스코리아(주),2013-04-04,장편,한국,567,10011200500,1416053,"2,410,370,500","324,400",액션,15세관람가,일반영화
연인,장예모,쇼이스트(주),2004-09-10,장편,중국,0,0,1416000,0,"518,391",멜로/로맨스,12세관람가,독립/예술영화
검은 집,신태라,(주)씨제이이엔엠,2007-06-21,장편,한국,0,0,1408882,0,"439,754",스릴러,청소년관람불가,일반영화
구르믈 버서난 달처럼,이준익,에스케이텔레콤(주),2010-04-28,장편,한국,509,10408565262,1407681,"3,349,797,000","432,451",사극,15세관람가,일반영화
허브,허인무,(주)쇼박스,2007-01-11,장편,한국,0,0,1406199,0,"397,177",드라마,12세관람가,일반영화
위대한 쇼맨,마이클 그레이시,월트디즈니컴퍼니코리아 유한책임회사,2017-12-20,장편,미국,702,11511889500,1402809,"5,093,464,700","606,546",드라마,12세관람가,일반영화
예스맨,페이튼 리드,워너브러더스 코리아(주),2008-12-17,장편,미국,244,9346501843,1402609,"4,069,577,833","585,717",코미디,15세관람가,일반영화
벤허,티무르 베크맘베토브,롯데쇼핑㈜롯데엔터테인먼트,2016-09-14,장편,미국,717,11405870395,1399771,"2,957,265,515","356,087",어드벤처,12세관람가,일반영화
말레피센트,로버트 스트롬버그,소니픽쳐스릴리징월트디즈니스튜디오스코리아(주),2014-05-29,장편,미국,554,10776965900,1397526,"3,434,954,900","423,807",액션,12세관람가,일반영화
라스트 에어벤더,M. 나이트 샤말란,(주)씨제이이엔엠,2010-08-19,장편,미국,396,14078896543,1394110,"3,563,315,000","333,170",액션,전체관람가,일반영화
똥개,곽경택,쇼이스트(주),2003-07-16,장편,한국,0,0,1394000,0,"434,660",드라마,15세관람가,일반영화
기억의 밤,장항준,플러스엠 엔터테인먼트,2017-11-29,장편,한국,751,10652346660,1387599,"2,887,719,160","362,973",미스터리,15세관람가,일반영화
골든슬럼버,노동석,(주)씨제이이엔엠,2018-02-14,장편,한국,833,11412768798,1387508,"2,666,693,198","315,506",범죄,15세관람가,일반영화
오션스 써틴,스티븐 소더버그,워너브러더스 코리아(주),2007-06-14,장편,미국,0,0,1386610,0,"581,467",범죄,12세관람가,일반영화
역도산,송해성,(주)씨제이이엔엠,2004-12-15,장편,한국,0,0,1386179,0,"405,061",드라마,12세관람가,일반영화
램페이지,브래드 페이튼,워너브러더스 코리아(주),2018-04-12,장편,미국,909,11951980109,1385511,"2,979,863,959","329,834",액션,12세관람가,일반영화
내셔널 트레져,존 터틀타웁,한국소니픽쳐스릴리징브에나비스타영화㈜,2004-12-31,장편,미국,0,0,1384507,0,"445,917",액션,12세관람가,일반영화
해피 데스데이,크리스토퍼 랜던,유니버설픽쳐스인터내셔널 코리아(유),2017-11-08,장편,미국,714,11003095402,1382480,"3,024,232,752","365,202",공포(호러),15세관람가,일반영화
앤트맨과 와스프: 퀀텀매니아,페이튼 리드,월트디즈니컴퍼니코리아 유한책임회사,2023-02-15,장편,미국,2090,14548827774,1376493,"4,297,728,337","380,065",액션,12세관람가,일반영화
폼페이: 최후의 날,폴 W.S. 앤더슨,롯데쇼핑㈜롯데엔터테인먼트,2014-02-20,장편,미국,561,10303127700,1373873,"3,209,370,000","409,656",액션,15세관람가,일반영화
브이아이피,박훈정,워너브러더스 코리아(주),2017-08-23,장편,한국,996,10956621835,1373316,"2,863,320,535","345,963",범죄,청소년관람불가,일반영화
찰리와 초콜릿 공장,팀 버튼,워너브러더스 코리아(주),2005-09-16,장편,미국,0,0,1372700,0,"525,395",코미디,전체관람가,일반영화
시카고,롭 마샬,(주)키다리이엔티,2003-03-28,장편,미국,0,0,1371500,0,"715,000",뮤지컬,청소년관람불가,독립/예술영화
분홍신,김용균,(주)쇼박스,2005-06-30,장편,한국,0,0,1371122,0,"368,080",공포(호러),15세관람가,일반영화
특별시민,박인제,(주)쇼박스,2017-04-26,장편,한국,1154,10494768945,1362634,"2,869,531,745","360,598",드라마,15세관람가,일반영화
퓨리,데이비드 에이어,소니픽쳐스릴리징월트디즈니스튜디오스코리아(주),2014-11-20,장편,미국,590,10367640686,1362114,"3,235,026,086","408,093",액션,15세관람가,일반영화
포드 V 페라리,제임스 맨골드,월트디즈니컴퍼니코리아 유한책임회사,2019-12-04,장편,미국,986,11977959920,1361794,"4,620,407,110","504,576",액션,12세관람가,일반영화
트와일라잇,캐서린 하드윅,판씨네마(주),2008-12-10,장편,미국,343,8796916521,1356180,"3,326,752,000","490,035",액션,12세관람가,일반영화
차형사,신태라,(주)씨제이이엔엠,2012-05-30,장편,한국,433,9752555296,1346754,"2,184,448,796","283,739",코미디,15세관람가,일반영화
은교,정지우,롯데쇼핑㈜롯데엔터테인먼트,2012-04-25,장편,한국,521,9917728000,1346274,"3,405,009,000","446,283",멜로/로맨스,청소년관람불가,일반영화
닌자 어쌔신,제임스 맥티그,워너브러더스 코리아(주),2009-11-26,장편,미국,324,10240398634,1345025,"3,427,351,500","430,606",액션,청소년관람불가,일반영화
궁합,홍창표,(주)씨제이이엔엠,2018-02-28,장편,한국,966,10478875438,1340117,"2,478,594,738","309,094",코미디,12세관람가,일반영화
해적: 도깨비 깃발,김정훈,롯데컬처웍스(주)롯데엔터테인먼트,2022-01-26,장편,한국,1708,12523963990,1339242,"2,843,506,630","319,433",어드벤처,12세관람가,일반영화
신들의 전쟁,타셈 싱,(주)넥스트엔터테인먼트월드(NEW),2011-11-10,장편,미국,525,11726682000,1338411,"4,049,820,000","437,778",드라마,청소년관람불가,일반영화
터미널,스티븐 스필버그,(주)씨제이이엔엠,2004-08-27,장편,미국,0,0,1335571,0,"581,792",드라마,전체관람가,일반영화
오션스8,게리 로스,워너브러더스 코리아(주),2018-06-13,장편,미국,837,11694325266,1335181,"4,461,638,766","496,738",액션,12세관람가,일반영화
미스터 고,김용화,(주)쇼박스,2013-07-17,장편,한국,840,9337990000,1328890,"2,389,631,500","321,292",코미디,12세관람가,일반영화
굿 다이노,피터 손,월트디즈니컴퍼니코리아(주),2016-01-07,장편,미국,814,9753434238,1328394,"2,322,181,446","300,420",애니메이션,전체관람가,일반영화
드라큘라: 전설의 시작,개리 쇼어,유니버설픽쳐스인터내셔널 코리아(유),2014-10-08,장편,미국,477,10607703908,1321751,"3,096,355,208","372,677",판타지,15세관람가,일반영화
청담보살,김진영,(주)넥스트엔터테인먼트월드(NEW),2009-11-11,장편,한국,404,9687687439,1321005,"2,882,176,500","372,155",멜로/로맨스,15세관람가,일반영화
월ㆍE,앤드류 스탠튼,한국소니픽쳐스릴리징브에나비스타영화㈜,2008-08-06,장편,미국,347,8264916667,1320830,"3,214,043,333","482,446",애니메이션,전체관람가,일반영화
사라진 밤,이창희,(주)키다리이엔티,2018-03-07,장편,한국,925,10686397316,1314274,"2,577,142,716","309,566",스릴러,15세관람가,일반영화
싸움의 기술,신한솔,(주)씨제이이엔엠,2006-01-05,장편,한국,0,0,1313727,0,"398,888",코미디,15세관람가,일반영화
가디언즈 오브 갤럭시,제임스 건,소니픽쳐스릴리징월트디즈니스튜디오스코리아(주),2014-07-31,장편,미국,539,11098239184,1311190,"4,116,280,484","460,828",액션,12세관람가,일반영화
간첩,우민호,롯데쇼핑㈜롯데엔터테인먼트,2012-09-20,장편,한국,576,9316548500,1310895,"2,407,402,000","326,457",드라마,15세관람가,일반영화
월드 인베이젼,조나단 리브스만,한국소니픽쳐스릴리징브에나비스타영화㈜,2011-03-10,장편,미국,441,9799358000,1307873,"3,039,985,500","384,389",SF,12세관람가,일반영화
영화는 영화다,장훈,㈜스튜디오이쩜영,2008-09-11,장편,한국,326,8943849000,1307688,"3,035,285,500","421,484",액션,청소년관람불가,독립/예술영화
에이리언: 커버넌트,리들리 스콧,이십세기폭스코리아(주),2017-05-09,장편,미국,841,10745826264,1307226,"3,395,853,714","396,001",SF,15세관람가,일반영화
만남의 광장,김종진,(주)쇼박스,2007-08-15,장편,한국,0,0,1306434,0,"286,843",코미디,12세관람가,일반영화
신밧드:7대양의 전설,"패트릭 길모어,팀 존슨",에이라인,2003-07-11,장편,미국,0,0,1305603,0,"437,034",애니메이션,전체관람가,일반영화
장산범,허정,(주)넥스트엔터테인먼트월드(NEW),2017-08-17,장편,한국,711,10332117083,1305145,"2,153,814,083","257,679",미스터리,15세관람가,일반영화
못말리는 결혼,김성욱,롯데쇼핑㈜롯데엔터테인먼트,2007-05-10,장편,한국,0,0,1304431,0,"316,081",코미디,15세관람가,일반영화
엑스맨 탄생: 울버린,개빈 후드,이십세기폭스코리아(주),2009-04-30,장편,미국,403,8560185022,1303452,"2,894,851,000","417,619",SF,12세관람가,일반영화
로맨틱 홀리데이,낸시 마이어스,UIP코리아,2006-12-14,장편,미국,0,0,1300645,0,"588,379",코미디,15세관람가,일반영화
최강로맨스,김정우,(주)쇼박스,2007-01-25,장편,한국,0,0,1299274,0,"301,235",멜로/로맨스,15세관람가,일반영화
니모를 찾아서,앤드류 스탠튼,월트디즈니코리아㈜,2003-06-05,장편,미국,0,0,1286412,0,"620,593",애니메이션,전체관람가,일반영화
셜록: 유령신부,더글라스 맥키넌,플러스엠 엔터테인먼트,2016-01-02,장편,영국,891,9992425049,1278894,"3,349,055,436","414,976",범죄,12세관람가,일반영화
킹콩을 들다,박건용,(주)넥스트엔터테인먼트월드(NEW),2009-07-01,장편,한국,411,8597263166,1277800,"2,935,984,500","397,780",드라마,전체관람가,일반영화
소스 코드,던칸 존스,(주)디스테이션,2011-05-04,장편,미국,403,9638293500,1277301,"3,714,195,000","469,899",액션,12세관람가,일반영화
"달마야, 서울 가자",육상효,(주)시네마서비스,2004-07-09,장편,한국,0,0,1272000,0,"327,000",코미디,15세관람가,일반영화
달콤한 인생,김지운,(주)씨제이이엔엠,2005-04-01,장편,한국,0,0,1271595,0,"466,425",액션,청소년관람불가,일반영화
황진이,장윤현,(주)시네마서비스,2007-06-06,장편,한국,0,0,1270644,0,"371,006",드라마,15세관람가,일반영화
이장과 군수,장규성,(주)씨제이이엔엠,2007-03-29,장편,한국,0,0,1269142,0,"326,034",코미디,12세관람가,일반영화
클로젯,김광빈,(주)씨제이이엔엠,2020-02-05,장편,한국,1197,10920792280,1264970,"2,555,663,920","286,754",미스터리,15세관람가,일반영화
즐거운 인생,이준익,(주)씨제이이엔엠,2007-09-13,장편,한국,0,0,1263835,0,"442,665",드라마,전체관람가,일반영화
라스트 사무라이,에드워드 즈윅,워너브러더스 코리아(주),2004-01-09,장편,미국,0,0,1263200,0,"478,000",액션,15세관람가,일반영화
미스터 소크라테스,최진원,롯데쇼핑㈜롯데엔터테인먼트,2005-11-10,장편,한국,0,0,1261965,0,"309,053",액션,청소년관람불가,일반영화
브로커,고레에다 히로카즈,(주)씨제이이엔엠,2022-06-08,장편,한국,1594,12566618030,1258891,"3,813,389,090","374,115",드라마,12세관람가,일반영화
마다가스카 2,"에릭 다넬,톰 맥그라스",(주)씨제이이엔엠,2009-01-08,장편,미국,381,7644143364,1247015,"2,370,161,500","360,893",애니메이션,전체관람가,일반영화
간기남,김형준,(주)쇼박스,2012-04-11,장편,한국,356,9356404500,1246185,"2,480,022,000","313,190",코미디,청소년관람불가,일반영화
유열의 음악앨범,정지우,CGV아트하우스,2019-08-28,장편,한국,1078,10233455040,1245532,"2,970,923,290","346,201",멜로/로맨스,12세관람가,일반영화
신부수업,허인무,코리아픽쳐스(주),2004-08-05,장편,한국,0,0,1242476,0,"314,772",드라마,12세관람가,일반영화
꿀벌대소동,"스티브 히크너,사이몬 J.스미스",(주)씨제이이엔엠,2008-01-03,장편,미국,271,7371537000,1240953,"1,699,947,000","275,524",가족,전체관람가,일반영화
행복,허진호,(주)쇼박스,2007-10-03,장편,한국,0,0,1239789,0,"410,007",드라마,15세관람가,일반영화
나비효과,"에릭 브레스,J. 마키에 그러버",(주)쇼박스,2004-11-12,장편,미국,0,0,1239079,0,"487,040",드라마,청소년관람불가,일반영화
육혈포 강도단,강효진,롯데쇼핑㈜롯데엔터테인먼트,2010-03-18,장편,한국,319,8784927671,1233582,"2,278,826,500","302,702",코미디,15세관람가,일반영화
천군,민준기,(주)쇼박스,2005-07-15,장편,한국,0,0,1232992,0,"263,876",액션,15세관람가,일반영화
메리다와 마법의 숲,"마크 앤드류스,브렌다 채프먼",한국소니픽쳐스릴리징브에나비스타영화㈜,2012-09-27,장편,미국,479,9024766000,1231024,"2,220,052,500","289,140",애니메이션,전체관람가,일반영화
007 노 타임 투 다이,캐리 후쿠나가,유니버설픽쳐스인터내셔널 코리아(유),2021-09-29,장편,미국,2201,12009884680,1229971,"3,532,474,380","350,534",액션,12세관람가,일반영화
오케이 마담,이철하,플러스엠 엔터테인먼트,2020-08-12,장편,한국,1288,10979887910,1228685,"2,163,208,200","238,179",코미디,15세관람가,일반영화
심야의 F.M.,김상만,롯데쇼핑㈜롯데엔터테인먼트,2010-10-14,장편,한국,422,9328562568,1228673,"2,982,025,500","373,247",스릴러,청소년관람불가,일반영화
특별수사: 사형수의 편지,권종관,(주)넥스트엔터테인먼트월드(NEW),2016-06-16,장편,한국,691,9792082065,1225142,"2,119,260,245","255,249",범죄,15세관람가,일반영화
찌라시: 위험한 소문,김광식,(주)씨제이이엔엠,2014-02-20,장편,한국,560,9111648087,1221420,"2,127,543,287","272,430",범죄,15세관람가,일반영화
포비든 킹덤: 전설의 마스터를 찾아서,롭 민코프,(주)시네마서비스,2008-04-24,장편,미국,394,7876101835,1221352,"2,242,422,335","327,445",액션,12세관람가,일반영화
토탈 리콜,렌 와이즈먼,한국소니픽쳐스릴리징브에나비스타영화㈜,2012-08-15,장편,미국,448,8958236000,1219637,"2,911,318,500","378,245",SF,15세관람가,일반영화
킹 아더,안톤 후쿠아,한국소니픽쳐스릴리징브에나비스타영화㈜,2004-07-23,장편,미국,0,0,1213584,0,"428,080",사극,15세관람가,일반영화
결혼전야,홍지영,씨너스엔터테인먼트(주),2013-11-21,장편,한국,524,8431504719,1212270,"2,667,346,719","365,215",멜로/로맨스,15세관람가,일반영화
해치지않아,손재곤,(주)에이스메이커무비웍스,2020-01-15,장편,한국,1216,10154099090,1209689,"2,304,920,440","262,944",코미디,12세관람가,일반영화
레지던트 이블 4: 끝나지 않은 전쟁 3D,폴 W.S. 앤더슨,한국소니픽쳐스릴리징브에나비스타영화㈜,2010-09-16,장편,독일,335,14767125516,1209538,"4,547,529,000","365,095",공포(호러),청소년관람불가,일반영화
엘리시움,닐 블롬캠프,소니픽쳐스릴리징월트디즈니스튜디오스코리아(주),2013-08-29,장편,미국,588,9017994500,1207732,"3,172,662,500","403,184",SF,청소년관람불가,일반영화
악녀,정병길,(주)넥스트엔터테인먼트월드(NEW),2017-06-08,장편,한국,685,9730720144,1206917,"2,546,959,444","304,997",액션,청소년관람불가,일반영화
인사동 스캔들,박희곤,에스케이텔레콤(주),2009-04-29,장편,한국,314,7900084842,1206101,"2,450,497,500","353,002",드라마,15세관람가,일반영화
깡철이,안권태,(주)씨제이이엔엠,2013-10-02,장편,한국,707,8534777462,1204666,"2,054,267,462","274,966",드라마,15세관람가,일반영화
그녀를 믿지 마세요,배형준,(주)시네마서비스,2004-02-20,장편,한국,0,0,1204000,0,"374,000",코미디,12세관람가,일반영화
형사 Duelist,이명세,코리아픽쳐스(주),2005-09-08,장편,한국,0,0,1203146,0,"382,218",멜로/로맨스,12세관람가,일반영화
시간이탈자,곽재용,(주)씨제이이엔엠,2016-04-13,장편,한국,733,9729882195,1202058,"2,733,406,795","325,133",스릴러,15세관람가,일반영화
몬스터 하우스,길 키넌,소니픽쳐스릴리징코리아,2006-08-10,장편,미국,0,0,1201649,0,"381,359",공포(호러),전체관람가,일반영화
R2B: 리턴투베이스,김동원,(주)씨제이이엔엠,2012-08-15,장편,한국,539,8600489371,1201640,"1,993,557,324","264,850",액션,15세관람가,일반영화
해빙,이수연,롯데쇼핑㈜롯데엔터테인먼트,2017-03-01,장편,한국,915,9879737822,1201576,"2,434,113,422","284,100",스릴러,15세관람가,일반영화
더 웹툰: 예고살인,김용균,(주)씨제이이엔엠,2013-06-27,장편,한국,541,8534322070,1201033,"2,327,450,570","314,005",공포(호러),15세관람가,일반영화
짝패,류승완,(주)씨제이이엔엠,2006-05-25,장편,한국,0,0,1196520,0,"328,733",액션,청소년관람불가,일반영화
신비한 동물들과 덤블도어의 비밀,데이빗 예이츠,워너브러더스 코리아(주),2022-04-13,장편,미국,2207,12305198580,1195441,"4,102,779,180","381,672",어드벤처,12세관람가,일반영화
파송송 계란탁,오상훈,(주)씨제이이엔엠,2005-02-18,장편,한국,0,0,1193150,0,"289,039",코미디,15세관람가,일반영화
몽정기2,정초신,롯데쇼핑㈜롯데엔터테인먼트,2005-01-14,장편,한국,0,0,1188815,0,"274,165",코미디,15세관람가,일반영화
생일,이종언,(주)넥스트엔터테인먼트월드(NEW),2019-04-03,장편,한국,862,9786575840,1186283,"1,958,959,300","230,586",드라마,전체관람가,일반영화
바람 바람 바람,이병헌,(주)넥스트엔터테인먼트월드(NEW),2018-04-05,장편,한국,985,9702206675,1183959,"2,250,342,475","271,361",코미디,청소년관람불가,일반영화
브루스 올마이티,톰 새디악,(주)동숭아트센터,2003-07-11,장편,미국,0,0,1182962,0,"583,395",코미디,12세관람가,일반영화
나니아 연대기: 새벽 출정호의 항해,마이클 앱티드,이십세기폭스코리아(주),2010-12-08,장편,미국,502,11276008290,1182228,"3,347,082,500","323,930",판타지,전체관람가,일반영화
빅매치,최호,(주)넥스트엔터테인먼트월드(NEW),2014-11-27,장편,한국,627,8952096578,1177438,"2,231,518,478","280,152",액션,15세관람가,일반영화
"힘을 내요, 미스터 리",이계벽,(주)넥스트엔터테인먼트월드(NEW),2019-09-11,장편,한국,990,9887863906,1176076,"1,965,170,736","229,545",코미디,12세관람가,일반영화
여선생 VS 여제자,장규성,(주)씨제이이엔엠,2004-11-17,장편,한국,0,0,1175580,0,"299,813",코미디,15세관람가,일반영화
서양 골동 양과자점 앤티크,민규동,오퍼스픽쳐스(유),2008-11-13,장편,한국,451,7367880833,1173310,"2,638,318,333","397,561",드라마,15세관람가,일반영화
인생은 아름다워,최국희,롯데컬처웍스(주)롯데엔터테인먼트,2022-09-28,장편,한국,1285,10898590019,1171648,"2,831,607,046","298,657",뮤지컬,12세관람가,일반영화
웜 바디스,조나단 레빈,(주)씨제이이엔엠,2013-03-14,장편,미국,477,8361708124,1169839,"2,687,807,624","357,532",멜로/로맨스,15세관람가,일반영화
"당신, 거기 있어줄래요",홍지영,롯데쇼핑㈜롯데엔터테인먼트,2016-12-14,장편,한국,767,9361133648,1168625,"2,667,189,948","319,506",판타지,12세관람가,일반영화
동주,이준익,플러스엠 엔터테인먼트,2016-02-17,장편,한국,499,8864695589,1168427,"2,961,796,289","376,321",드라마,12세관람가,일반영화
툼레이더 2 : 판도라의 상자,얀 드봉,기타,2003-08-01,장편,미국,0,0,1165906,0,"373,182",액션,15세관람가,일반영화
돈의 맛,임상수,(주)시너지하우스 (시너지),2012-05-17,장편,한국,643,8776870611,1165488,"2,880,753,111","365,067",드라마,청소년관람불가,일반영화
연애술사,천세환,(주)씨제이이엔엠,2005-05-20,장편,한국,0,0,1163274,0,"364,202",멜로/로맨스,15세관람가,일반영화
워크래프트: 전쟁의 서막,던칸 존스,유니버설픽쳐스인터내셔널 코리아(유),2016-06-09,장편,미국,736,10140269205,1163120,"3,013,648,005","324,321",액션,12세관람가,일반영화
장수상회,강제규,(주)씨제이이엔엠,2015-04-09,장편,한국,688,8707389643,1160935,"2,204,750,243","284,742",멜로/로맨스,12세관람가,일반영화
가문의 영광5 - 가문의 귀환,정용기,롯데쇼핑㈜롯데엔터테인먼트,2012-12-19,장편,한국,447,8330342500,1160021,"1,681,261,500","224,852",코미디,15세관람가,일반영화
슬로우 비디오,김영탁,이십세기폭스코리아(주),2014-10-02,장편,한국,618,8840530219,1159787,"2,288,636,719","286,952",드라마,12세관람가,일반영화
항거:유관순 이야기,조민호,롯데컬처웍스(주)롯데엔터테인먼트,2019-02-27,장편,한국,1094,9290065101,1157707,"2,043,598,641","247,961",드라마,12세관람가,독립/예술영화
스타트렉 비욘드,저스틴 린,롯데쇼핑㈜롯데엔터테인먼트,2016-08-17,장편,미국,716,10193232820,1157472,"3,559,199,400","381,110",액션,12세관람가,일반영화
인크레더블,브래드 버드,한국소니픽쳐스릴리징브에나비스타영화㈜,2004-12-15,장편,미국,0,0,1155067,0,"492,585",애니메이션,전체관람가,일반영화
미씽: 사라진 여자,이언희,플러스엠 엔터테인먼트,2016-11-30,장편,한국,790,8881616256,1153109,"2,457,671,256","307,997",미스터리,15세관람가,일반영화
잃어버린 세계를 찾아서 2: 신비의 섬,브래드 페이튼,워너브러더스 코리아(주),2012-01-19,장편,미국,398,9784305000,1149628,"2,244,305,000","239,683",액션,전체관람가,일반영화
퍼펙트맨,용수,(주)쇼박스,2019-10-02,장편,한국,894,9604139750,1144894,"1,544,313,980","178,228",코미디,15세관람가,일반영화
용서는 없다,김형준,(주)시네마서비스,2010-01-07,장편,한국,334,8737627361,1144238,"2,656,285,000","332,736",범죄,청소년관람불가,일반영화
"안녕, 형아",임태형,(주)시네마서비스,2005-05-27,장편,한국,0,0,1143136,0,"266,504",드라마,전체관람가,일반영화
장사리 : 잊혀진 영웅들,"곽경택,김태훈",워너브러더스 코리아(주),2019-09-25,장편,한국,1090,8997921050,1140876,"1,699,010,620","208,596",전쟁,12세관람가,일반영화
"10,000 BC",롤랜드 에머리히,워너브러더스 코리아(주),2008-03-13,장편,미국,359,7430607499,1140118,"2,251,461,500","326,091",어드벤처,15세관람가,일반영화
고령화 가족,송해성,(주)씨제이이엔엠,2013-05-09,장편,한국,583,8159482153,1139250,"2,429,592,653","324,221",드라마,15세관람가,일반영화
미나리,정이삭,판씨네마(주),2021-03-03,장편,미국,1162,10201204050,1132962,"3,565,021,300","390,933",드라마,12세관람가,독립/예술영화
김종욱 찾기,장유정,(주)씨제이이엔엠,2010-12-08,장편,한국,442,8271660983,1130638,"3,070,574,500","396,698",멜로/로맨스,12세관람가,일반영화
하루,조선호,CGV아트하우스,2017-06-15,장편,한국,781,9068009842,1129018,"2,244,976,142","270,183",스릴러,15세관람가,일반영화
헝거게임: 캣칭 파이어,프란시스 로렌스,롯데쇼핑㈜롯데엔터테인먼트,2013-11-21,장편,미국,630,7850816000,1125739,"2,851,643,500","385,304",판타지,15세관람가,일반영화
챔피언,김용완,워너브러더스 코리아(주),2018-05-01,장편,한국,874,9441064230,1125319,"1,846,376,630","212,475",드라마,12세관람가,일반영화
슬럼독 밀리어네어,대니 보일,(주)영화특별시에스엠씨,2009-03-19,장편,영국,201,7468302846,1125032,"3,344,881,000","483,793",드라마,15세관람가,독립/예술영화
성난 변호사,허종호,(주)씨제이이엔엠,2015-10-08,장편,한국,607,8697174039,1124918,"2,126,132,839","263,369",범죄,15세관람가,일반영화
6년째 연애중,박현진,(주)스튜디오210,2008-02-05,장편,한국,327,7460438000,1123294,"2,369,716,000","338,423",멜로/로맨스,15세관람가,일반영화
아랑,안상훈,롯데쇼핑㈜롯데엔터테인먼트,2006-06-28,장편,한국,0,0,1122399,0,"264,909",공포(호러),15세관람가,일반영화
특수본,황병국,(주)시너지하우스 (시너지),2011-11-24,장편,한국,471,8096052500,1118258,"2,269,510,500","299,090",액션,15세관람가,일반영화
마이펫의 이중생활 2,크리스 리노드,유니버설픽쳐스인터내셔널 코리아(유),2019-07-31,장편,미국,933,8512830825,1114941,"1,937,926,035","239,636",애니메이션,전체관람가,일반영화
스타 트렉: 더 비기닝,J.J. 에이브럼스,(주)씨제이이엔엠,2009-05-07,장편,미국,411,7425754645,1111865,"2,761,275,000","386,396",SF,12세관람가,일반영화
라이트 아웃,데이비드 F. 샌드버그,워너브러더스 코리아(주),2016-08-24,장편,미국,659,8892177975,1111158,"2,086,096,975","248,265",공포(호러),15세관람가,일반영화
회사원,임상윤,(주)쇼박스,2012-10-11,장편,한국,549,8321175000,1110523,"2,544,330,000","323,549",액션,청소년관람불가,일반영화
간신,민규동,롯데쇼핑㈜롯데엔터테인먼트,2015-05-21,장편,한국,697,8946842910,1110246,"2,421,410,210","289,236",사극,청소년관람불가,일반영화
령,"김태경,이인규",(주)쇼박스,2004-06-17,장편,한국,0,0,1108769,0,"288,631",공포(호러),12세관람가,일반영화
그 여자 작사 그 남자 작곡,마크 로렌스,주식회사 해리슨앤컴퍼니,2007-02-28,장편,미국,0,0,1103900,0,"513,676",멜로/로맨스,12세관람가,일반영화
박물관이 살아있다 : 비밀의 무덤,숀 레비,이십세기폭스코리아(주),2015-01-14,장편,미국,500,8170784606,1101678,"2,209,722,306","288,421",어드벤처,전체관람가,일반영화
베스트셀러,이정호,(주)시너지하우스 (시너지),2010-04-15,장편,한국,317,8110824681,1099665,"2,478,553,500","317,714",미스터리,15세관람가,일반영화
"오늘 밤, 세계에서 이 사랑이 사라진다 해도",미키 타카히로,(주)바이포엠스튜디오,2022-11-30,장편,일본,258,11341499930,1097535,"2,764,171,612","260,734",멜로/로맨스,12세관람가,독립/예술영화
지금 사랑하는 사람과 살고 있습니까?,정윤수,(주)시네마서비스,2007-08-15,장편,한국,0,0,1095119,0,"388,044",드라마,청소년관람불가,일반영화
롱 리브 더 킹: 목포 영웅,강윤성,플러스엠 엔터테인먼트,2019-06-19,장편,한국,965,9218262910,1092738,"1,631,602,490","189,422",액션,15세관람가,일반영화
007 카지노 로얄,마틴 캠벨,한국소니픽쳐스릴리징브에나비스타영화㈜,2006-12-21,장편,미국,0,0,1088307,0,"334,884",액션,15세관람가,일반영화
그때 그 사람들,임상수,(주)엠케이픽처스,2005-02-03,장편,한국,0,0,1083962,0,"338,025",미스터리,15세관람가,일반영화
마루 밑 아리에티,요네바야시 히로마사,(주)씨제이이엔엠,2010-09-09,장편,일본,337,7773942884,1083746,"2,826,512,500","373,176",애니메이션,전체관람가,일반영화
내 남자의 로맨스,박제현,(주)씨제이이엔엠,2004-07-16,장편,한국,0,0,1083556,0,"418,579",드라마,12세관람가,일반영화
퍼시픽 림: 업라이징,스티븐 S. 드나이트,유니버설픽쳐스인터내셔널 코리아(유),2018-03-21,장편,미국,1145,8962712795,1077235,"2,487,116,295","278,336",액션,15세관람가,일반영화
가디언즈,피터 램지,(주)씨제이이엔엠,2012-11-29,장편,미국,470,8212243000,1075584,"2,372,102,000","283,476",애니메이션,전체관람가,일반영화
더 울버린,제임스 맨골드,이십세기폭스코리아(주),2013-07-25,장편,미국,707,7849518000,1075333,"2,418,747,500","311,251",액션,15세관람가,일반영화
섹스 앤 더 시티,마이클 패트릭 킹,에스케이텔레콤(주),2008-06-05,장편,미국,361,7133337600,1074321,"3,434,823,000","495,297",멜로/로맨스,청소년관람불가,일반영화
오! 해피데이,윤학렬,(주)시네마서비스,2003-04-18,장편,한국,0,0,1073230,0,"280,523",코미디,12세관람가,일반영화
몬스터 호텔 3,젠디 타타코브스키,소니픽쳐스엔터테인먼트코리아주식회사극장배급지점,2018-08-08,장편,미국,715,7932156800,1072006,"1,410,233,600","183,174",애니메이션,전체관람가,일반영화
블레이드 3,데이빗 S. 고이어,(주)쇼박스,2004-12-15,장편,미국,0,0,1069643,0,"286,894",액션,청소년관람불가,일반영화
오빠생각,이한,(주)넥스트엔터테인먼트월드(NEW),2016-01-21,장편,한국,855,8058857287,1069436,"1,899,517,093","242,400",드라마,12세관람가,일반영화
새드무비,권종관,롯데쇼핑㈜롯데엔터테인먼트,2005-10-20,장편,한국,0,0,1066765,0,"323,757",드라마,12세관람가,일반영화
노잉,알렉스 프로야스,(주)넥스트엔터테인먼트월드(NEW),2009-04-16,장편,미국,394,6984051785,1063955,"2,424,294,000","351,082",SF,12세관람가,일반영화
"날, 보러와요",이철하,플러스엠 엔터테인먼트,2016-04-07,장편,한국,683,8821335063,1061412,"2,079,948,563","242,864",미스터리,청소년관람불가,일반영화
수상한 고객들,조진모,(주)씨제이이엔엠,2011-04-14,장편,한국,411,7953428000,1059350,"2,669,850,500","339,494",코미디,15세관람가,일반영화
남극일기,임필성,(주)쇼박스,2005-05-19,장편,한국,0,0,1057311,0,"323,335",스릴러,15세관람가,일반영화
쥬만지: 넥스트 레벨,제이크 캐스단,소니픽쳐스엔터테인먼트코리아주식회사극장배급지점,2019-12-11,장편,미국,1195,8793014370,1057266,"2,210,640,940","253,811",액션,12세관람가,일반영화
빨간모자의 진실,"코리 에드워즈,토드 에드워즈,토니 리치",(주)쇼박스,2006-04-06,장편,미국,0,0,1057223,0,"300,873",애니메이션,전체관람가,일반영화
라따뚜이,브래드 버드,한국소니픽쳐스릴리징브에나비스타영화㈜,2007-07-25,장편,미국,0,0,1054886,0,"422,379",애니메이션,전체관람가,일반영화
스텝업 2 : 더 스트리트,존 추,㈜스튜디오이쩜영,2008-03-13,장편,미국,278,6856702000,1052379,"2,484,794,500","361,893",멜로/로맨스,12세관람가,일반영화
업,"피트 닥터,밥 피터슨",한국소니픽쳐스릴리징브에나비스타영화㈜,2009-07-29,장편,미국,374,7652994608,1047327,"3,189,205,000","411,959",애니메이션,전체관람가,일반영화
시크릿,윤재구,(주)씨제이이엔엠,2009-12-03,장편,한국,397,7979591607,1046787,"2,678,001,500","335,889",스릴러,청소년관람불가,일반영화
그놈이다,윤준형,CGV아트하우스,2015-10-28,장편,한국,681,8098811152,1046313,"1,801,920,452","223,764",스릴러,15세관람가,일반영화
동창생,박홍수,(주)쇼박스,2013-11-06,장편,한국,660,6983395126,1044522,"1,583,311,126","221,965",액션,15세관람가,일반영화
슈퍼 배드,"피에르 꼬팽,크리스 리노드",유니버설픽쳐스인터내셔널 코리아(유),2010-09-16,장편,미국,321,9873975412,1043904,"2,753,597,000","272,176",애니메이션,전체관람가,일반영화
마음이...,"오달균,박은형",(주)쇼박스,2006-10-26,장편,한국,0,0,1042166,0,"215,452",드라마,전체관람가,일반영화
점박이:한반도의 공룡3D,한상호,(주)씨제이이엔엠,2012-01-26,장편,한국,457,9621468000,1040636,"1,776,299,500","187,715",애니메이션,전체관람가,일반영화
삼국지:용의 부활,이인항,에스케이텔레콤(주),2008-04-03,장편,중국,322,6660263334,1036172,"2,118,435,834","315,310",사극,15세관람가,일반영화
이프 온리,길 정거,유니코리아문예투자(주),2004-10-29,장편,미국,0,0,1031075,0,"454,606",코미디,15세관람가,일반영화
파괴된 사나이,우민호,(주)시너지하우스 (시너지),2010-07-01,장편,한국,190,7820538614,1030285,"2,500,843,000","314,477",드라마,청소년관람불가,일반영화
킹스맨: 퍼스트 에이전트,매튜 본,월트디즈니컴퍼니코리아 유한책임회사,2021-12-22,장편,미국,1061,10313351770,1029365,"3,109,560,890","306,511",액션,청소년관람불가,일반영화
지오스톰,"딘 데블린,대니 캐넌",워너브러더스 코리아(주),2017-10-19,장편,미국,854,8480864614,1028384,"2,098,804,714","238,747",액션,12세관람가,일반영화
오직 그대만,송일곤,(주)쇼박스,2011-10-20,장편,한국,435,7591008500,1027622,"2,118,827,000","271,148",멜로/로맨스,15세관람가,일반영화
개구쟁이 스머프,라자 고스넬,한국소니픽쳐스릴리징브에나비스타영화㈜,2011-08-11,장편,미국,399,7722534000,1027438,"1,962,882,000","239,071",애니메이션,전체관람가,일반영화
이중간첩,김현정,(주)쇼박스,2003-01-24,장편,한국,0,0,1025928,0,"361,580",스릴러,15세관람가,일반영화
우아한 세계,한재림,롯데쇼핑㈜롯데엔터테인먼트,2007-04-05,장편,한국,0,0,1025781,0,"351,965",액션,15세관람가,일반영화
김관장 대 김관장 대 김관장,박성균,(주)쇼박스,2007-02-08,장편,한국,0,0,1025618,0,"234,461",코미디,15세관람가,일반영화
데이지,유위강,(주)쇼박스,2006-03-09,장편,한국,0,0,1023096,0,"309,926",멜로/로맨스,15세관람가,일반영화
에라곤,스테판 팡메이어,이십세기폭스필름코퍼레이션,2007-01-11,장편,미국,0,0,1022140,0,"274,366",판타지,12세관람가,일반영화
로그 원: 스타워즈 스토리,가렛 에드워즈,월트디즈니컴퍼니코리아 유한책임회사,2016-12-28,장편,미국,907,9047995594,1019309,"3,187,685,444","339,042",액션,12세관람가,일반영화
주온,시미즈 다카시,프라임픽쳐스,2003-06-27,장편,일본,0,0,1016928,0,"345,769",공포(호러),12세관람가,일반영화
야수,김성수,(주)쇼박스,2006-01-12,장편,한국,0,0,1016152,0,"314,482",액션,청소년관람불가,일반영화
본 레거시,토니 길로이,유니버설픽쳐스인터내셔널 코리아(유),2012-09-06,장편,미국,585,7412233000,1015711,"2,657,138,000","347,976",액션,15세관람가,일반영화
밴티지 포인트,피트 트래비스,한국소니픽쳐스릴리징브에나비스타영화㈜,2008-02-28,장편,미국,288,6654718499,1015287,"2,368,125,999","345,107",스릴러,15세관람가,일반영화
향수 : 어느 살인자의 이야기,톰 티크베어,(주)누리픽쳐스,2007-03-22,장편,영국,0,0,1011710,0,"337,113",드라마,15세관람가,일반영화
더 넌,코린 하디,워너브러더스 코리아(주),2018-09-19,장편,미국,824,8777844795,1011580,"2,249,634,745","248,861",공포(호러),15세관람가,일반영화
심장이 뛴다,윤재근,롯데쇼핑㈜롯데엔터테인먼트,2011-01-05,장편,한국,445,7538083500,1006947,"2,315,715,000","293,832",드라마,15세관람가,일반영화
셔터 아일랜드,마틴 스코세이지,(주)씨제이이엔엠,2010-03-18,장편,미국,275,7528114276,1006833,"2,935,605,000","373,974",드라마,15세관람가,일반영화
라푼젤,"네이슨 그레노,바이론 하워드",한국소니픽쳐스릴리징브에나비스타영화㈜,2011-02-10,장편,미국,328,10106348800,1006075,"3,838,442,500","361,383",애니메이션,전체관람가,일반영화
존 윅 3: 파라벨룸,채드 스타헬스키,(주)제이앤씨미디어그룹,2019-06-26,장편,미국,849,8204889876,1004347,"2,646,216,646","308,367",액션,청소년관람불가,일반영화
스카이스크래퍼,로슨 마샬 터버,유니버설픽쳐스인터내셔널 코리아(유),2018-07-11,장편,미국,831,8612111718,1002858,"2,058,127,718","232,570",액션,12세관람가,일반영화
분신사바,안병기,브에나비스타인터내셔널코리아,2004-08-05,장편,한국,0,0,1001125,0,"301,322",공포(호러),15세관람가,일반영화
맨 인 더 다크,페드 알바레즈,유니버설픽쳐스인터내셔널 코리아(유),2016-10-05,장편,미국,671,8445645672,999047,"2,347,738,772","267,646",스릴러,청소년관람불가,일반영화
오스트레일리아,바즈 루어만,이십세기폭스코리아(주),2008-12-10,장편,미국,433,6471511555,998528,"2,361,580,500","347,547",사극,12세관람가,일반영화
인크레더블 헐크,루이스 리테리어,유니버설픽쳐스인터내셔널 코리아(유),2008-06-12,장편,미국,360,6422773000,992064,"2,001,776,000","292,360",액션,15세관람가,일반영화
염력,연상호,(주)넥스트엔터테인먼트월드(NEW),2018-01-31,장편,한국,1099,7484644112,990104,"1,855,120,412","238,805",드라마,15세관람가,일반영화
강력 3반,손희창,롯데쇼핑㈜롯데엔터테인먼트,2005-09-29,장편,한국,0,0,989573,0,"169,045",액션,15세관람가,일반영화
방가? 방가!,육상효,(주)시너지하우스 (시너지),2010-09-30,장편,한국,259,7129363141,989021,"1,867,346,500","244,586",코미디,12세관람가,독립/예술영화
방황하는 칼날,이정호,(주)씨제이이엔엠,2014-04-10,장편,한국,594,7806377800,987420,"1,950,201,400","234,776",범죄,청소년관람불가,일반영화
시체가 돌아왔다,우선호,(주)씨제이이엔엠,2012-03-29,장편,한국,435,7357623000,986547,"1,804,931,500","228,284",범죄,15세관람가,일반영화
미쓰 와이프,강효진,플러스엠 엔터테인먼트,2015-08-13,장편,한국,437,7357162869,984265,"1,676,810,469","221,861",코미디,15세관람가,일반영화
게이샤의 추억,롭 마샬,소니픽쳐스릴리징코리아,2006-02-02,장편,미국,0,0,983635,0,"375,553",드라마,15세관람가,일반영화
파퍼씨네 펭귄들,마크 워터스,이십세기폭스코리아(주),2011-09-07,장편,미국,333,7043993000,979739,"2,328,595,500","306,323",코미디,전체관람가,일반영화
로보캅,호세 파딜라,소니픽쳐스릴리징월트디즈니스튜디오스코리아(주),2014-02-13,장편,미국,627,7299641958,979509,"2,235,608,658","282,862",액션,12세관람가,일반영화
원더풀 라디오,권칠인,(주)쇼박스,2012-01-05,장편,한국,474,7193596000,977470,"2,018,583,000","259,784",드라마,15세관람가,일반영화
내 사랑,이한,(주)쇼박스,2007-12-18,장편,한국,0,0,977401,"432,940,833","358,449",멜로/로맨스,12세관람가,일반영화
돈 크라이 마미,김용한,(주)에스비에스콘텐츠허브,2012-11-22,장편,한국,444,6808882099,975462,"1,607,844,582","220,683",스릴러,15세관람가,일반영화
바보,김정권,(주)씨제이이엔엠,2008-02-28,장편,한국,263,6301818833,974554,"1,908,720,333","279,453",드라마,12세관람가,일반영화
에픽 : 숲속의 전설,크리스 웻지,이십세기폭스코리아(주),2013-08-07,장편,미국,471,6702639000,973703,"1,630,346,000","218,343",애니메이션,전체관람가,일반영화
"고산자, 대동여지도",강우석,(주)씨제이이엔엠,2016-09-07,장편,한국,765,7777473258,971194,"1,911,829,638","230,579",사극,전체관람가,일반영화
우리는 형제입니다,장진,(주)쇼박스,2014-10-23,장편,한국,566,7263255399,970373,"1,554,261,699","198,894",코미디,12세관람가,일반영화
프로메테우스,리들리 스콧,이십세기폭스코리아(주),2012-06-06,장편,미국,521,8583886099,970275,"3,548,689,099","372,315",SF,청소년관람불가,일반영화
전국노래자랑,이종필,롯데쇼핑㈜롯데엔터테인먼트,2013-05-01,장편,한국,581,6606589000,963634,"1,536,557,000","217,914",코미디,12세관람가,일반영화
쿵푸 허슬,주성치,소니픽쳐스릴리징코리아,2005-01-14,장편,중국,0,0,963580,0,"357,292",코미디,15세관람가,일반영화
스타워즈: 라스트 제다이,라이언 존슨,월트디즈니컴퍼니코리아 유한책임회사,2017-12-14,장편,미국,1107,8666688961,959577,"3,358,015,861","335,664",액션,12세관람가,일반영화
나랏말싸미,조철현,플러스엠 엔터테인먼트,2019-07-24,장편,한국,1211,7871240823,958775,"1,862,210,553","222,884",사극,전체관람가,일반영화
백야행,박신우,(주)시네마서비스,2009-11-19,장편,한국,398,7170684217,956767,"2,633,582,000","334,942",멜로/로맨스,청소년관람불가,일반영화
잭 더 자이언트 킬러,브라이언 싱어,워너브러더스 코리아(주),2013-02-28,장편,미국,507,7376481000,956154,"2,098,720,500","250,941",판타지,12세관람가,일반영화
미드웨이,롤랜드 에머리히,(주)누리픽쳐스,2019-12-31,장편,미국,842,8211133530,955294,"2,185,606,380","247,388",액션,15세관람가,일반영화
허삼관,하정우,(주)넥스트엔터테인먼트월드(NEW),2015-01-14,장편,한국,621,7405415569,955175,"1,879,461,269","232,983",드라마,12세관람가,일반영화
황후화,장예모,(주)시네마서비스,2007-01-25,장편,기타,0,0,954387,0,"314,570",액션,청소년관람불가,독립/예술영화
스텝업4 : 레볼루션,스콧 스피어,롯데쇼핑㈜롯데엔터테인먼트,2012-08-15,장편,미국,281,7157894000,953871,"2,323,462,500","290,400",멜로/로맨스,12세관람가,일반영화
발신제한,김창주,(주)씨제이이엔엠,2021-06-23,장편,한국,1010,9085720540,952386,"1,676,960,270","175,048",스릴러,15세관람가,일반영화
트랜스포터-라스트 미션,올리비에 메가턴,(주)시너지하우스 (시너지),2009-01-08,장편,프랑스,266,6336730334,951855,"1,808,765,000","258,105",액션,15세관람가,일반영화
불한당: 나쁜 놈들의 세상,변성현,(주)씨제이이엔엠,2017-05-17,장편,한국,860,7654331125,951797,"2,109,269,425","254,366",범죄,청소년관람불가,일반영화
그는 당신에게 반하지 않았다,켄 콰피스,(주)넥스트엔터테인먼트월드(NEW),2009-02-12,장편,미국,354,6471531867,949324,"3,146,805,500","446,348",멜로/로맨스,15세관람가,일반영화
상사부일체,심승보,이십세기폭스코리아(주),2007-09-19,장편,한국,0,0,947510,0,"219,940",코미디,15세관람가,일반영화
새미의 어드벤쳐,벤 스타센,(주)씨제이이엔엠,2010-12-15,장편,기타,311,8919480155,946615,"2,211,410,500","218,696",애니메이션,전체관람가,일반영화
오로라 공주,방은진,(주)시네마서비스,2005-10-27,장편,한국,0,0,946372,0,"302,070",범죄,청소년관람불가,일반영화
GP 506,공수창,(주)쇼박스,2008-04-03,장편,한국,355,6316842000,945185,"2,001,912,500","284,443",공포(호러),청소년관람불가,일반영화
월터의 상상은 현실이 된다,벤 스틸러,글뫼 주식회사,2013-12-31,장편,미국,378,6877576799,941672,"2,822,983,799","371,403",어드벤처,12세관람가,일반영화
크루즈 패밀리,"커크 드 미코,크리스 샌더스",(주)씨제이이엔엠,2013-05-16,장편,미국,525,6540060500,941615,"1,762,804,500","238,425",애니메이션,전체관람가,일반영화
일본침몰,히구치 신지,(주)시네마서비스,2006-08-31,장편,일본,0,0,940560,0,"245,740",드라마,12세관람가,일반영화
낭만자객,윤제균,(주)씨제이이엔엠,2003-12-05,장편,한국,0,0,940134,0,"292,190",코미디,청소년관람불가,일반영화
미 비포 유,테아 샤록,워너브러더스 코리아(주),2016-06-01,장편,미국,481,7618156490,939658,"2,857,730,290","343,297",멜로/로맨스,12세관람가,일반영화
오만과 편견,조 라이트,UIP코리아,2006-03-24,장편,미국,0,0,938874,0,"420,814",멜로/로맨스,12세관람가,일반영화
평행이론,권호영,(주)씨제이이엔엠,2010-02-18,장편,한국,272,6905140883,937029,"1,959,571,500","250,326",스릴러,15세관람가,일반영화
투 가이즈,박헌수,쇼이스트(주),2004-07-09,장편,한국,0,0,931000,0,"251,859",코미디,15세관람가,일반영화
뽀로로 극장판 슈퍼썰매 대모험,박영균,(주)넥스트엔터테인먼트월드(NEW),2013-01-23,장편,한국,459,6819979500,929985,"1,575,195,500","201,918",애니메이션,전체관람가,일반영화
애나벨,존 R. 레오네티,워너브러더스 코리아(주),2014-10-02,장편,미국,464,7081566943,925813,"1,769,522,843","222,596",공포(호러),15세관람가,일반영화
보스 베이비 2,톰 맥그라스,유니버설픽쳐스인터내셔널 코리아(유),2021-07-21,장편,미국,1343,8292685050,925238,"1,552,488,780","167,011",애니메이션,전체관람가,일반영화
샤크,"비키 젠슨,롭 레터맨",(주)씨제이이엔엠,2005-01-07,장편,미국,0,0,925154,0,"328,213",애니메이션,전체관람가,일반영화
슈퍼배드 2,"크리스 리노드,피에르 꼬팽",유니버설픽쳐스인터내셔널 코리아(유),2013-09-12,장편,미국,421,6359208000,925108,"1,797,102,000","244,423",애니메이션,전체관람가,일반영화
불어라 봄바람,장항준,(주)시네마서비스,2003-09-04,장편,한국,0,0,924190,0,"281,911",코미디,15세관람가,일반영화
아이스 에이지 2,카를로스 살다나,이십세기폭스코리아(주),2006-04-20,장편,미국,0,0,924050,0,"289,970",애니메이션,전체관람가,일반영화
매그니피센트 7,안톤 후쿠아,유니버설픽쳐스인터내셔널 코리아(유),2016-09-14,장편,미국,579,7633490421,921317,"2,113,986,651","247,071",액션,15세관람가,일반영화
배트맨 비긴즈,크리스토퍼 놀란,워너브러더스 코리아(주),2005-06-24,장편,미국,0,0,921300,0,"400,574",범죄,12세관람가,일반영화
갓 오브 이집트,알렉스 프로야스,(주)시네마서비스,2016-03-03,장편,미국,618,7610472624,918678,"2,186,618,975","251,912",어드벤처,12세관람가,일반영화
주먹왕 랄프,리치 무어,소니픽쳐스릴리징월트디즈니스튜디오스코리아(주),2012-12-19,장편,미국,361,6589435500,918183,"1,831,749,500","239,435",애니메이션,전체관람가,일반영화
영어완전정복,김성수,(주)시네마서비스,2003-11-05,장편,한국,0,0,917782,0,"330,121",드라마,12세관람가,일반영화
투어리스트,플로리안 헨켈 폰 도너스마르크,한국소니픽쳐스릴리징브에나비스타영화㈜,2010-12-09,장편,미국,439,6834421095,915359,"2,678,458,500","343,506",드라마,15세관람가,일반영화
크로싱,김태균,(주)벤티지홀딩스,2008-06-26,장편,한국,303,5657365667,907255,"1,934,661,500","299,446",드라마,12세관람가,일반영화
헷지,"팀 존슨,캐리 커크패트릭",(주)씨제이이엔엠,2006-05-31,장편,미국,0,0,905983,0,"269,208",애니메이션,전체관람가,일반영화
예의없는 것들,박철희,롯데쇼핑㈜롯데엔터테인먼트,2006-08-24,장편,한국,0,0,904802,0,"278,757",액션,청소년관람불가,일반영화
썬더와 마법저택,"벤 스타센,제레미 드그루손",(주)씨제이이엔엠,2013-12-24,장편,기타,422,6113755500,904145,"1,277,758,000","179,319",애니메이션,전체관람가,일반영화
월요일이 사라졌다,토미 위르콜라,(주)스마일이엔티,2018-02-22,장편,영국,355,7489885100,903175,"2,030,565,300","239,886",액션,15세관람가,독립/예술영화
마이 파더,황동혁,롯데쇼핑㈜롯데엔터테인먼트,2007-09-06,장편,한국,0,0,902090,0,"240,165",드라마,15세관람가,일반영화
데시벨,황인호,(주)마인드마크,2022-11-16,장편,한국,1152,8852646146,901427,"1,865,270,490","183,955",액션,12세관람가,일반영화
점쟁이들,신정원,(주)넥스트엔터테인먼트월드(NEW),2012-10-03,장편,한국,479,6345293500,900054,"1,468,531,000","198,356",코미디,15세관람가,일반영화
정직한 후보2,장유정,(주)넥스트엔터테인먼트월드(NEW),2022-09-28,장편,한국,1318,8446139162,899684,"1,874,805,158","196,659",코미디,12세관람가,일반영화
더 배트맨,맷 리브스,워너브러더스 코리아(주),2022-03-01,장편,미국,2370,9252877980,897836,"3,468,610,850","321,562",액션,15세관람가,일반영화
인랑,김지운,워너브러더스 코리아(주),2018-07-25,장편,한국,1085,6994748173,897548,"1,768,239,473","216,427",SF,15세관람가,일반영화
누구나 비밀은 있다,장현수,(주)시네마서비스,2004-07-30,장편,한국,0,0,896000,0,"346,150",코미디,청소년관람불가,일반영화
결백,박상현,소니픽쳐스엔터테인먼트코리아주식회사극장배급지점,2020-06-10,장편,한국,1112,7858099340,893855,"1,911,700,700","217,456",드라마,15세관람가,일반영화
신비아파트 극장판 하늘도깨비 대 요르문간드,변영규,(주)씨제이이엔엠,2019-12-19,장편,한국,841,7046110380,893221,"902,370,720","108,157",애니메이션,전체관람가,일반영화
타이탄의 분노,조나단 리브스만,워너브러더스 코리아(주),2012-03-29,장편,미국,535,7591124500,893027,"2,199,173,000","239,530",액션,12세관람가,일반영화
방과후 옥상,이석훈,(주)시네마서비스,2006-03-16,장편,한국,0,0,891417,0,"233,167",코미디,15세관람가,일반영화
베오울프,로버트 저메키스,워너브러더스 코리아(주),2007-11-14,장편,미국,0,0,890100,0,"341,300",애니메이션,15세관람가,일반영화
그것,안드레스 무시에티,워너브러더스 코리아(주),2017-09-06,장편,미국,837,7331422607,888386,"1,958,970,207","224,114",공포(호러),15세관람가,일반영화
몬스터 호텔,젠디 타타코브스키,소니픽쳐스릴리징월트디즈니스튜디오스코리아(주),2013-01-17,장편,미국,489,6080221500,884885,"1,313,395,000","178,356",애니메이션,전체관람가,일반영화
씽2게더,가스 제닝스,유니버설픽쳐스인터내셔널 코리아(유),2022-01-05,장편,미국,1251,8186997050,883973,"2,125,890,820","221,209",애니메이션,전체관람가,일반영화
돈 텔 파파,이상훈,(주)씨제이이엔엠,2004-09-03,장편,한국,0,0,880744,0,"151,938",코미디,15세관람가,일반영화
아이스 에이지 3: 공룡시대,"카를로스 살다나,마이크 트메이어",이십세기폭스필름코퍼레이션,2009-08-12,장편,미국,367,6189838667,877398,"1,823,491,500","239,234",애니메이션,전체관람가,일반영화
메가마인드,톰 맥그라스,(주)씨제이이엔엠,2011-01-13,장편,미국,414,8688175500,875481,"3,275,217,500","304,441",애니메이션,전체관람가,일반영화
극장판 헬로카봇 : 백악기 시대,"최신규,김진철",(주)넥스트엔터테인먼트월드(NEW),2018-08-01,장편,한국,758,6542619500,874967,"1,092,117,400","140,632",애니메이션,전체관람가,일반영화
블랙,산제이 렐라 반살리,이언픽쳐스,2009-08-27,장편,기타,248,6254367609,874913,"2,340,253,000","310,842",드라마,전체관람가,독립/예술영화
디스 민즈 워,맥지,이십세기폭스코리아(주),2012-02-29,장편,미국,351,6661435000,873396,"2,606,658,000","326,981",액션,15세관람가,일반영화
스카이 라인,"콜린 스트로즈,그렉 스트로즈",(주)화앤담이엔티,2010-11-24,장편,미국,431,6414538349,873079,"1,942,653,500","250,264",액션,12세관람가,일반영화
고死 두 번째 이야기: 교생실습,유선동,(주)넥스트엔터테인먼트월드(NEW),2010-07-28,장편,한국,320,5901045987,872594,"1,154,161,500","162,101",공포(호러),15세관람가,일반영화
열한시,김현석,(주)씨제이이엔엠,2013-11-28,장편,한국,512,6097792000,870785,"1,703,900,000","230,557",스릴러,15세관람가,일반영화
1917,샘 멘데스,(주)스마일이엔티,2020-02-19,장편,미국,932,7872002760,870451,"3,123,054,760","325,790",드라마,15세관람가,일반영화
몬스터 대학교,댄 스캔론,소니픽쳐스릴리징월트디즈니스튜디오스코리아(주),2013-09-12,장편,미국,381,5873833500,870065,"1,275,663,500","177,219",애니메이션,전체관람가,일반영화
개구쟁이 스머프 2,라자 고스넬,소니픽쳐스릴리징월트디즈니스튜디오스코리아(주),2013-08-01,장편,미국,478,5655415500,869805,"1,187,088,500","173,681",애니메이션,전체관람가,일반영화
미확인 동영상 : 절대클릭금지,김태경,(주)쇼박스,2012-05-30,장편,한국,361,5939840500,867386,"1,053,713,000","145,988",공포(호러),15세관람가,일반영화
오리엔트 특급 살인,케네스 브래너,이십세기폭스코리아(주),2017-11-29,장편,미국,707,6645385163,864757,"2,594,405,463","323,682",드라마,12세관람가,일반영화
콰이어트 플레이스 2,존 크래신스키,롯데컬처웍스(주)롯데엔터테인먼트,2021-06-16,장편,미국,1137,8550116360,863339,"2,488,591,910","247,107",스릴러,15세관람가,일반영화
엑스맨: 다크 피닉스,사이먼 킨버그,이십세기폭스코리아(주),2019-06-05,장편,미국,991,7649216640,862744,"2,175,317,420","227,564",액션,12세관람가,일반영화
맹부삼천지교,김지영,(주)씨제이이엔엠,2004-03-26,장편,한국,0,0,860044,0,"227,675",코미디,15세관람가,일반영화
작은 아씨들,그레타 거윅,소니픽쳐스엔터테인먼트코리아주식회사극장배급지점,2020-02-12,장편,미국,1105,7240616830,859072,"2,625,687,480","301,422",드라마,전체관람가,일반영화
레모니 스니켓의 위험한 대결,브래드 실버링,(주)씨제이이엔엠,2005-01-28,장편,미국,0,0,858847,0,"298,965",코미디,전체관람가,일반영화
레전드 오브 타잔,데이빗 예이츠,워너브러더스 코리아(주),2016-06-29,장편,미국,593,7196970717,858402,"1,959,397,477","222,047",액션,12세관람가,일반영화
숙명,김해곤,(주)씨제이이엔엠,2008-03-20,장편,한국,341,5680873500,858215,"1,582,293,500","230,045",드라마,청소년관람불가,일반영화
올드미스다이어리,김석윤,롯데쇼핑㈜롯데엔터테인먼트,2006-12-21,장편,한국,0,0,856090,0,"248,992",코미디,12세관람가,일반영화
살인의뢰,손용호,씨네그루(주)다우기술,2015-03-12,장편,한국,646,6986456737,855980,"1,716,336,937","201,830",범죄,청소년관람불가,일반영화
헝거게임: 모킹제이,프란시스 로렌스,롯데쇼핑㈜롯데엔터테인먼트,2014-11-20,장편,미국,630,6400058044,854377,"2,215,556,744","283,167",어드벤처,15세관람가,일반영화
디스트릭트 9,닐 블롬캠프,한국소니픽쳐스릴리징브에나비스타영화㈜,2009-10-15,장편,미국,320,6518492154,853859,"2,619,214,500","327,328",SF,청소년관람불가,일반영화
스타더스트,매튜 본,(주)씨제이이엔엠,2007-08-15,장편,미국,0,0,853441,0,"313,886",판타지,12세관람가,일반영화
맨 인 블랙: 인터내셔널,F. 게리 그레이,롯데컬처웍스(주)롯데엔터테인먼트,2019-06-12,장편,미국,1151,7455439570,851040,"2,184,582,920","239,685",액션,12세관람가,일반영화
좋아해줘,박현진,(주)씨제이이엔엠,2016-02-17,장편,한국,637,6572774337,848148,"1,904,246,337","234,990",멜로/로맨스,12세관람가,일반영화
만추,김태용,(주)씨제이이엔엠,2011-02-17,장편,한국,444,6300514500,844103,"2,403,086,500","306,882",멜로/로맨스,15세관람가,일반영화
오션스 트웰브,스티븐 소더버그,워너브러더스 코리아(주),2005-01-07,장편,기타,0,0,842000,0,"388,518",범죄,12세관람가,일반영화
"이대로, 죽을 순 없다(Short Time)",이영은,쇼이스트(주),2005-08-18,장편,한국,0,0,838419,0,"192,770",코미디,12세관람가,일반영화
아는 여자,장진,(주)시네마서비스,2004-06-25,장편,한국,0,0,838000,0,"390,000",드라마,15세관람가,일반영화
극장판 짱구는 못말려: 수수께끼! 꽃피는 천하떡잎학교,타카하시 와타루,(주)씨제이이엔엠,2022-09-28,장편,일본,873,8370741924,837647,"1,475,548,813","140,884",애니메이션,전체관람가,일반영화
대립군,정윤철,이십세기폭스코리아(주),2017-05-31,장편,한국,809,6276963402,837500,"1,505,100,202","190,990",드라마,15세관람가,일반영화
존 카터: 바숨 전쟁의 서막,앤드류 스탠튼,한국소니픽쳐스릴리징브에나비스타영화㈜,2012-03-08,장편,미국,508,7218670500,837426,"1,990,997,500","211,589",SF,12세관람가,일반영화
마린보이,윤종석,(주)씨제이이엔엠,2009-02-05,장편,한국,340,5565284169,837059,"1,455,046,000","206,861",액션,15세관람가,일반영화
슈퍼스타 감사용,김종현,(주)씨제이이엔엠,2004-09-17,장편,한국,0,0,834706,0,"330,396",드라마,전체관람가,일반영화
랑종,반종 피산다나쿤,(주)쇼박스,2021-07-14,장편,한국,1403,8639576030,834338,"2,300,792,450","222,583",공포(호러),청소년관람불가,일반영화
체포왕,임찬익,롯데쇼핑㈜롯데엔터테인먼트,2011-05-04,장편,한국,407,6146610500,831804,"1,785,434,000","228,733",코미디,15세관람가,일반영화
어디선가 누군가에 무슨일이 생기면 틀림없이 나타난다 홍반장,강석범,(주)시네마서비스,2004-03-12,장편,한국,0,0,830000,0,"341,000",코미디,12세관람가,일반영화
데자뷰,토니 스콧,한국소니픽쳐스릴리징브에나비스타영화㈜,2007-01-11,장편,미국,0,0,829891,0,"324,030",액션,12세관람가,일반영화
장화신은 고양이: 끝내주는 모험,조엘 크로포드,유니버설픽쳐스인터내셔널 코리아(유),2023-01-04,장편,미국,924,7853997456,829268,"1,760,710,766","178,385",애니메이션,전체관람가,일반영화
손님,김광태,(주)씨제이이엔엠,2015-07-09,장편,한국,634,6385295880,827918,"1,717,964,980","213,174",판타지,15세관람가,일반영화
로봇(애니),카를로스 살다나,이십세기폭스필름코퍼레이션,2005-07-28,장편,미국,0,0,826100,0,"230,100",코미디,전체관람가,일반영화
인시디어스 3,리 워넬,유니버설픽쳐스인터내셔널 코리아(유),2015-07-09,장편,미국,409,6396650620,825517,"1,542,181,920","191,674",공포(호러),15세관람가,일반영화
뽀로로 극장판 공룡섬 대모험,"김현호,윤제완",(주)넥스트엔터테인먼트월드(NEW),2017-12-07,장편,한국,803,6203897300,824079,"1,093,529,800","137,767",애니메이션,전체관람가,일반영화
남쪽으로 튀어,임순례,롯데쇼핑㈜롯데엔터테인먼트,2013-02-06,장편,한국,428,5907297500,821918,"1,479,390,000","198,233",코미디,15세관람가,일반영화
베이비 드라이버,에드가 라이트,소니픽쳐스엔터테인먼트코리아주식회사극장배급지점,2017-09-14,장편,영국,778,6688509214,821419,"2,396,693,714","284,626",액션,15세관람가,일반영화
브리짓 존스의 베이비,샤론 맥과이어,유니버설픽쳐스인터내셔널 코리아(유),2016-09-28,장편,미국,509,6678585874,820995,"2,641,542,374","314,889",코미디,15세관람가,일반영화
유체이탈자,윤재근,주식회사 에이비오엔터테인먼트,2021-11-24,장편,한국,1216,7941270790,818880,"1,890,160,630","195,864",판타지,15세관람가,일반영화
레드슈즈,홍성호,(주)넥스트엔터테인먼트월드(NEW),2019-07-25,장편,한국,717,6102923190,817547,"1,380,911,550","201,881",애니메이션,전체관람가,일반영화
뮌헨,"스티븐 스필버그,크리스토프 데아크",(주)씨제이이엔엠,2006-02-10,장편,미국,0,0,817155,0,"327,937",스릴러,15세관람가,일반영화
틴틴 : 유니콘호의 비밀,스티븐 스필버그,롯데쇼핑㈜롯데엔터테인먼트,2011-12-07,장편,미국,644,6721820500,814023,"2,231,009,500","254,024",애니메이션,전체관람가,일반영화
콜래트럴,마이클 만,UIP코리아,2004-10-15,장편,미국,0,0,814000,0,"324,481",액션,15세관람가,일반영화
나이브스 아웃,라이언 존슨,(주)올스타엔터테인먼트,2019-12-04,장편,미국,686,6833383090,810208,"3,129,577,620","363,449",미스터리,12세관람가,일반영화
하트 오브 더 씨,론 하워드,워너브러더스 코리아(주),2015-12-03,장편,미국,535,6779908023,809755,"2,013,490,023","227,317",액션,12세관람가,일반영화
외출,허진호,쇼이스트(주),2005-09-07,장편,한국,0,0,809191,0,"287,650",멜로/로맨스,청소년관람불가,일반영화
모범시민,F. 게리 그레이,(주)시너지하우스 (시너지),2009-12-10,장편,미국,309,5933122225,807486,"1,989,985,500","257,733",스릴러,15세관람가,일반영화
써로게이트,조나단 모스토우,한국소니픽쳐스릴리징브에나비스타영화㈜,2009-10-01,장편,미국,224,6020292355,806924,"2,106,905,000","269,912",SF,15세관람가,일반영화
밀리언 달러 베이비,클린트 이스트우드,(주)노바미디어,2005-03-10,장편,미국,0,0,806891,0,"361,085",드라마,12세관람가,독립/예술영화
헝거게임: 더 파이널,프란시스 로렌스,롯데쇼핑㈜롯데엔터테인먼트,2015-11-18,장편,미국,661,6070679163,806709,"2,032,143,445","257,953",액션,15세관람가,일반영화
킹스 스피치,톰 후퍼,(주)화앤담이엔티,2011-03-17,장편,영국,317,5963126500,806248,"2,670,236,000","344,099",드라마,12세관람가,일반영화
스피드 레이서,"릴리 워쇼스키,라나 워쇼스키",워너브러더스 코리아(주),2008-05-08,장편,미국,339,5219874500,804631,"2,075,139,500","301,766",액션,12세관람가,일반영화
하늘에서 음식이 내린다면 2,"코디 카메론,크리스 피언",소니픽쳐스릴리징월트디즈니스튜디오스코리아(주),2013-11-21,장편,미국,545,5423213000,800062,"1,182,203,500","162,353",애니메이션,전체관람가,일반영화
그놈은 멋있었다,이환경,프라임픽쳐스,2004-07-22,장편,한국,0,0,800000,0,"160,000",코미디,15세관람가,일반영화
카트,부지영,(주)리틀빅픽쳐스,2014-11-13,장편,한국,544,5809735433,799275,"1,446,480,033","189,714",드라마,12세관람가,일반영화
컨저링3: 악마가 시켰다,마이클 차베즈,워너브러더스 코리아(주),2021-06-03,장편,미국,1133,8023107360,799261,"1,892,457,550","182,098",공포(호러),15세관람가,일반영화
무극,첸 카이거,쇼이스트(주),2006-01-26,장편,중국,0,0,798091,0,"213,892",멜로/로맨스,12세관람가,일반영화
A-특공대,조 카나한,이십세기폭스코리아(주),2010-06-10,장편,미국,330,5890424042,791173,"1,983,672,000","253,638",액션,15세관람가,일반영화
화이트: 저주의 멜로디,"김곡,김선",(주)씨제이이엔엠,2011-06-09,장편,한국,305,5587166000,790954,"1,093,550,000","146,776",공포(호러),15세관람가,일반영화
상의원,이원석,(주)쇼박스,2014-12-24,장편,한국,466,6202433964,790158,"1,904,029,164","236,326",사극,15세관람가,일반영화
노트북,닉 카사베츠,(주)퍼스트런,2004-11-26,장편,미국,0,0,789087,0,"219,593",멜로/로맨스,청소년관람불가,독립/예술영화
잭 리처,크리스토퍼 맥쿼리,(주)씨제이이엔엠,2013-01-17,장편,미국,431,5758577000,784031,"1,767,476,500","230,355",액션,15세관람가,일반영화
러시 아워 3,브렛 래트너,(주)씨제이이엔엠,2007-10-03,장편,미국,0,0,783668,0,"198,820",범죄,15세관람가,일반영화
블랙 아담,자움 콜렛 세라,워너브러더스 코리아(주),2022-10-19,장편,미국,1524,8040723608,779485,"2,247,619,017","205,681",액션,12세관람가,일반영화
숨바꼭질,존 폴슨,이십세기폭스필름코퍼레이션,2005-02-25,장편,미국,0,0,779200,0,"261,550",드라마,15세관람가,일반영화
데스노트,카네코 슈스케,(주)엔케이컨텐츠,2006-11-02,장편,일본,0,0,777230,0,"205,035",범죄,12세관람가,일반영화
킹메이커,변성현,플러스엠 엔터테인먼트,2022-01-26,장편,한국,1185,7313720610,775583,"2,017,189,830","213,017",드라마,15세관람가,일반영화
관능의 법칙,권칠인,롯데쇼핑㈜롯데엔터테인먼트,2014-02-13,장편,한국,591,5808789500,773996,"1,798,198,300","231,102",드라마,청소년관람불가,일반영화
그랜드 부다페스트 호텔,웨스 앤더슨,(주)피터팬픽쳐스,2014-03-20,장편,미국,163,6012395982,773649,"3,516,635,882","444,985",미스터리,청소년관람불가,독립/예술영화
푸른소금,이현승,(주)씨제이이엔엠,2011-08-31,장편,한국,476,5739824500,771699,"1,634,205,500","208,701",액션,15세관람가,일반영화
플라이트 플랜,로베르트 슈벤트케,브에나비스타인터내셔널코리아,2005-11-18,장편,미국,0,0,771544,0,"298,203",드라마,12세관람가,일반영화
나는 왕이로소이다,장규성,롯데쇼핑㈜롯데엔터테인먼트,2012-08-08,장편,한국,471,5317185404,768971,"1,274,113,835","176,961",사극,12세관람가,일반영화
상류사회,변혁,롯데컬처웍스(주)롯데엔터테인먼트,2018-08-29,장편,한국,867,6313416163,768442,"1,519,155,763","181,389",드라마,청소년관람불가,일반영화
나의 결혼원정기,황병국,롯데쇼핑㈜롯데엔터테인먼트,2005-11-23,장편,한국,0,0,767657,0,"249,070",드라마,12세관람가,일반영화
뽀로로 극장판 보물섬 대모험,"김현호,윤창섭,김현호",(주)넥스트엔터테인먼트월드(NEW),2019-04-25,장편,한국,736,5886268900,766758,"1,016,498,870","126,872",애니메이션,전체관람가,일반영화
레슬러,김대웅,롯데쇼핑㈜롯데엔터테인먼트,2018-05-09,장편,한국,957,6440492657,765963,"1,392,248,057","159,549",드라마,15세관람가,일반영화
토르: 마법망치의 전설,"오스카 요나손,토비 젠켈,거나 칼슨",롯데쇼핑㈜롯데엔터테인먼트,2012-02-09,장편,기타,383,5529185000,765315,"1,122,505,000","146,284",애니메이션,전체관람가,일반영화
레지던트 이블: 파멸의 날,폴 W.S. 앤더슨,유니버설픽쳐스인터내셔널 코리아(유),2017-01-25,장편,미국,599,6422202365,765259,"1,676,603,015","193,951",액션,청소년관람불가,일반영화
동해물과 백두산이,안진우,(주)쇼박스,2003-12-31,장편,한국,0,0,764567,0,"244,631",코미디,15세관람가,일반영화
공각기동대 : 고스트 인 더 쉘,루퍼트 샌더스,롯데쇼핑㈜롯데엔터테인먼트,2017-03-29,장편,미국,807,6285970884,764072,"1,900,110,084","222,563",SF,15세관람가,일반영화
두 얼굴의 여친,이석훈,(주)쇼박스,2007-09-13,장편,한국,0,0,762112,0,"231,913",멜로/로맨스,15세관람가,일반영화
리오 2,카를로스 살다나,이십세기폭스코리아(주),2014-05-01,장편,미국,598,5631146900,761404,"1,224,776,100","159,313",애니메이션,전체관람가,일반영화
모던보이,정지우,(주)씨제이이엔엠,2008-10-02,장편,한국,373,4971421000,758473,"1,695,482,500","246,098",드라마,12세관람가,일반영화
스플릿,최국희,오퍼스픽쳐스(유),2016-11-09,장편,한국,702,6097721539,757430,"1,497,661,939","177,946",드라마,15세관람가,일반영화
볼트,"바이론 하워드,크리스 윌리엄스",한국소니픽쳐스릴리징브에나비스타영화㈜,2008-12-31,장편,미국,299,4993959268,757337,"2,561,818,514","373,046",애니메이션,전체관람가,일반영화
캣츠,톰 후퍼,유니버설픽쳐스인터내셔널 코리아(유),2019-12-24,장편,미국,1143,6322357050,756232,"2,199,706,940","253,537",뮤지컬,12세관람가,일반영화
"안녕, 헤이즐",조쉬 분,이십세기폭스코리아(주),2014-08-13,장편,미국,323,5795507000,744387,"1,934,275,000","238,850",드라마,12세관람가,일반영화
그림형제 : 마르바덴 숲의 전설,테리 길리엄,쇼이스트(주),2005-11-17,장편,미국,0,0,744045,0,"274,461",판타지,15세관람가,일반영화
주유소 습격사건 2,김상진,(주)시네마서비스,2010-01-21,장편,한국,322,5466499511,742475,"1,378,973,500","176,464",액션,15세관람가,일반영화
디파티드,마틴 스코세이지,워너브러더스 코리아(주),2006-11-23,장편,미국,0,0,742276,0,"265,304",드라마,15세관람가,일반영화
싸이보그지만 괜찮아,박찬욱,(주)씨제이이엔엠,2006-12-07,장편,한국,0,0,739481,0,"245,379",SF,12세관람가,일반영화
시간 여행자의 아내,로베르트 슈벤트케,(주)일레븐엔터테인먼트,2009-10-28,장편,미국,300,5485456860,738963,"2,328,463,000","299,300",멜로/로맨스,12세관람가,일반영화
자백,윤종석,롯데컬처웍스(주)롯데엔터테인먼트,2022-10-26,장편,한국,1115,7352587230,738122,"1,851,324,308","181,290",범죄,15세관람가,일반영화
김씨표류기,이해준,(주)시네마서비스,2009-05-14,장편,한국,288,4796220849,733931,"1,674,506,000","244,182",코미디,12세관람가,일반영화
런던 해즈 폴른,바박 나자피,플러스엠 엔터테인먼트,2016-03-10,장편,미국,523,5908203979,731551,"1,743,777,879","207,959",액션,15세관람가,일반영화
더 파이브,정연식,(주)씨제이이엔엠,2013-11-14,장편,한국,501,5343797000,731212,"1,474,402,500","192,286",스릴러,청소년관람불가,일반영화
언차티드,루벤 플레셔,소니픽쳐스엔터테인먼트코리아주식회사극장배급지점,2022-02-16,장편,미국,1536,7116304100,730924,"2,044,063,780","203,638",액션,12세관람가,일반영화
Mr.로빈 꼬시기,김상우,롯데쇼핑㈜롯데엔터테인먼트,2006-12-07,장편,한국,0,0,730443,0,"218,194",멜로/로맨스,12세관람가,일반영화
순정만화,류장하,(주)씨제이이엔엠,2008-11-27,장편,한국,386,4674779333,730343,"1,698,524,333","250,747",멜로/로맨스,12세관람가,일반영화
비스티 보이즈,윤종빈,롯데쇼핑㈜롯데엔터테인먼트,2008-04-30,장편,한국,278,4785372500,727409,"1,874,552,500","273,065",드라마,청소년관람불가,독립/예술영화
푸시,폴 맥기건,롯데쇼핑㈜롯데엔터테인먼트,2009-03-19,장편,미국,258,4817364578,726998,"1,553,269,500","222,735",SF,15세관람가,일반영화
해피 에로 크리스마스,이건동,(주)튜브엔터테인먼트,2003-12-17,장편,한국,0,0,726783,0,"212,763",드라마,15세관람가,일반영화
슬픔보다 더 슬픈 이야기,원태연,(주)쇼박스,2009-03-11,장편,한국,353,4774850499,724107,"1,319,444,000","189,190",멜로/로맨스,15세관람가,일반영화
스파이더맨: 뉴 유니버스,"밥 퍼시케티,피터 램지,로드니 로스맨",소니픽쳐스엔터테인먼트코리아주식회사극장배급지점,2018-12-12,장편,미국,722,6008476176,723450,"2,397,450,086","276,005",애니메이션,12세관람가,일반영화
물괴,허종호,롯데컬처웍스(주)롯데엔터테인먼트,2018-09-12,장편,한국,1183,6104164954,723414,"1,317,227,754","149,475",액션,15세관람가,일반영화
드림걸즈,빌 콘돈,(주)영화사오원,2007-02-22,장편,미국,0,0,722923,0,"346,622",드라마,15세관람가,일반영화
미쓰백,이지원,(주)리틀빅픽쳐스,2018-10-11,장편,한국,638,6027243066,720558,"1,575,923,166","184,908",드라마,15세관람가,일반영화
거울속으로,김성호,(주)시네마서비스,2003-08-14,장편,한국,0,0,719234,0,"242,958",공포(호러),15세관람가,일반영화
꽃피는 봄이 오면,류장하,영화사청어람(주),2004-09-23,장편,한국,0,0,717618,0,"232,771",드라마,12세관람가,일반영화
신데렐라,케네스 브래너,월트디즈니컴퍼니코리아(주),2015-03-19,장편,미국,531,5499767900,716386,"1,654,573,800","205,943",멜로/로맨스,전체관람가,일반영화
에비에이터,마틴 스코세이지,코리아픽쳐스(주),2005-02-18,장편,독일,0,0,715763,0,"292,612",드라마,15세관람가,일반영화
기적,이장훈,롯데컬처웍스(주)롯데엔터테인먼트,2021-09-15,장편,한국,1198,6630962710,715434,"1,524,679,140","173,897",드라마,12세관람가,일반영화
풍산개,전재홍,(주)넥스트엔터테인먼트월드(NEW),2011-06-23,장편,한국,286,5395019500,714102,"1,709,358,000","217,988",드라마,청소년관람불가,일반영화
날씨의 아이,신카이 마코토,플러스엠 엔터테인먼트,2019-10-30,장편,일본,716,5845763050,712750,"1,916,097,650","224,294",애니메이션,15세관람가,일반영화
고질라,가렛 에드워즈,워너브러더스 코리아(주),2014-05-15,장편,미국,610,5972847963,709734,"1,655,498,463","180,321",액션,12세관람가,일반영화
가을로,김대승,롯데쇼핑㈜롯데엔터테인먼트,2006-10-26,장편,한국,0,0,707820,0,"217,517",멜로/로맨스,15세관람가,일반영화
마음이2,이정철,롯데쇼핑㈜롯데엔터테인먼트,2010-07-21,장편,한국,261,4705692210,707748,"988,226,500","143,504",드라마,전체관람가,독립/예술영화
로보트 태권 V,김청기,기타,1977-04-08,장편,한국,0,0,705207,0,"143,407",SF,전체관람가,일반영화
라스베가스에서만 생길 수 있는 일,톰 바우건,이십세기폭스코리아(주),2008-05-29,장편,미국,273,4604235334,704834,"1,859,935,834","273,802",멜로/로맨스,15세관람가,일반영화
스위니 토드 : 어느 잔혹한 이발사 이야기,팀 버튼,워너브러더스 코리아(주),2008-01-17,장편,미국,246,4761820000,704058,"2,320,324,000","331,508",뮤지컬,청소년관람불가,일반영화
고질라 VS. 콩,아담 윈가드,워너브러더스 코리아(주),2021-03-25,장편,미국,1295,6772634130,703485,"1,715,996,700","165,888",액션,12세관람가,일반영화
국가대표 2,김종현,플러스엠 엔터테인먼트,2016-08-10,장편,한국,562,5424324942,703024,"1,319,827,542","166,219",드라마,12세관람가,일반영화
천일의 스캔들,저스틴 채드윅,유니버설픽쳐스인터내셔널 코리아(유),2008-03-20,장편,미국,131,4599546001,700095,"2,149,808,001","314,614",사극,15세관람가,일반영화
내 깡패 같은 애인,김광식,롯데쇼핑㈜롯데엔터테인먼트,2010-05-20,장편,한국,248,5109441315,699973,"1,408,953,500","182,817",드라마,15세관람가,독립/예술영화
갱스 오브 뉴욕,마틴 스코세이지,코리아픽쳐스(주),2003-02-28,장편,미국,0,0,698000,0,"275,000",드라마,청소년관람불가,일반영화
6월의 일기,임경수,(주)쇼박스,2005-12-01,장편,한국,0,0,697980,0,"175,472",드라마,15세관람가,일반영화
트랜센던스,월리 피스터,롯데쇼핑㈜롯데엔터테인먼트,2014-05-14,장편,미국,417,5478201500,696412,"2,099,194,700","256,854",SF,12세관람가,일반영화
피터 팬,P.J. 호건,한국소니픽쳐스릴리징브에나비스타영화㈜,2004-01-16,장편,미국,0,0,694782,0,"190,571",어드벤처,전체관람가,일반영화
님스 아일랜드,마크 레빈,롯데쇼핑㈜롯데엔터테인먼트,2008-07-17,장편,미국,266,4273735000,694728,"1,207,202,500","186,728",코미디,전체관람가,일반영화
통증,곽경택,롯데쇼핑㈜롯데엔터테인먼트,2011-09-07,장편,한국,317,5207167000,693101,"1,461,450,500","184,530",멜로/로맨스,15세관람가,일반영화
여교수의 은밀한 매력,이하,(주)엠케이픽처스,2006-03-16,장편,한국,0,0,691735,0,"222,785",코미디,청소년관람불가,일반영화
인페르노,론 하워드,유니버설픽쳐스인터내셔널 코리아(유),2016-10-19,장편,미국,754,5656281303,689071,"1,920,944,703","224,942",미스터리,15세관람가,일반영화
명탐정 피카츄,롭 레터맨,워너브러더스 코리아(주),2019-05-09,장편,미국,817,5730788546,686809,"1,767,248,906","201,613",액션,전체관람가,일반영화
분노의 질주: 더 오리지널,저스틴 린,유니버설픽쳐스인터내셔널 코리아(유),2009-04-02,장편,미국,289,4598492639,685746,"1,439,667,000","202,705",액션,15세관람가,일반영화
스텝 업 3D,존 추,(주)화앤담이엔티,2010-08-05,장편,미국,253,7462604919,682712,"2,419,206,500","214,074",드라마,12세관람가,일반영화
스파이더위크가의 비밀,마크 S. 워터스,(주)씨제이이엔엠,2008-02-14,장편,미국,172,4151259500,682525,"1,289,418,500","202,462",어드벤처,전체관람가,일반영화
픽셀,크리스 콜럼버스,유니버설픽쳐스인터내셔널 코리아(유),2015-07-16,장편,미국,557,5390909947,681945,"1,644,960,347","195,473",액션,12세관람가,일반영화
앵그리버드 더 무비,"퍼갈 레일리,클레이 케이티스",유니버설픽쳐스인터내셔널 코리아(유),2016-05-19,장편,미국,661,5218111744,680606,"1,150,894,444","140,314",애니메이션,전체관람가,일반영화
경관의 피,이규만,(주)에이스메이커무비웍스,2022-01-05,장편,한국,1187,6687389520,679503,"1,585,404,290","158,145",범죄,15세관람가,일반영화
천하장사 마돈나,"이해영,이해준",(주)씨제이이엔엠,2006-08-31,장편,한국,0,0,678930,0,"248,096",드라마,15세관람가,일반영화
기담,"정식,정범식",(주)영화사오원,2007-08-01,장편,한국,0,0,678546,0,"208,627",공포(호러),15세관람가,독립/예술영화
신비아파트: 금빛 도깨비와 비밀의 동굴,김병갑,(주)씨제이이엔엠,2018-07-25,장편,한국,762,5001247250,678091,"699,258,600","91,723",애니메이션,전체관람가,일반영화
리턴,이규만,(주)씨제이이엔엠,2007-08-08,장편,한국,0,0,677939,0,"235,872",미스터리,청소년관람불가,일반영화
트롤,"마이크 미첼,월트 도른",(주)씨제이이엔엠,2017-02-16,장편,미국,622,5011161500,675966,"1,057,171,000","136,139",애니메이션,전체관람가,일반영화
Mr.히치: 당신을 위한 데이트 코치,앤디 테넌트,소니픽쳐스릴리징코리아,2005-03-11,장편,미국,0,0,675444,0,"331,665",멜로/로맨스,12세관람가,일반영화
몬스터 vs 에이리언,"롭 레터맨,콘래드 베논",(주)씨제이이엔엠,2009-04-23,장편,미국,324,4622178693,672285,"1,500,897,000","196,845",애니메이션,전체관람가,일반영화
고양이: 죽음을 보는 두 개의 눈,변승욱,(주)넥스트엔터테인먼트월드(NEW),2011-07-07,장편,한국,304,4767098000,670295,"1,119,188,000","149,463",공포(호러),15세관람가,일반영화
S.W.A.T. 특수기동대,클락 존슨,콜럼비아트라이스타,2003-09-25,장편,미국,0,0,669835,0,"258,476",액션,12세관람가,일반영화
패신저스,모튼 틸덤,유니버설픽쳐스인터내셔널 코리아(유),2017-01-04,장편,미국,608,5467466918,668576,"1,753,464,218","208,036",어드벤처,12세관람가,일반영화
"연애, 그 참을 수 없는 가벼움",김해곤,(주)씨제이이엔엠,2006-09-07,장편,한국,0,0,668104,0,"228,954",멜로/로맨스,청소년관람불가,일반영화
퍼스트맨,데이미언 셔젤,유니버설픽쳐스인터내셔널 코리아(유),2018-10-18,장편,미국,1190,6094765639,665364,"2,286,908,439","234,728",SF,12세관람가,일반영화
카,존 라세터,브에나비스타인터내셔널코리아,2006-07-20,장편,미국,0,0,665303,0,"229,096",애니메이션,전체관람가,일반영화
하늘에서 음식이 내린다면,"필 로드,크리스 밀러",한국소니픽쳐스릴리징브에나비스타영화㈜,2010-02-11,장편,미국,281,5500218152,665096,"1,686,106,500","187,169",애니메이션,전체관람가,일반영화
극장판 주술회전 0,박성후,(주)대교 미디어콘텐츠사업본부,2022-02-17,장편,일본,836,6622836893,664066,"2,023,992,901","191,871",애니메이션,15세관람가,일반영화
리핑 10개의 재앙,스티븐 홉킨스,워너브러더스 코리아(주),2007-04-19,장편,미국,0,0,664000,0,"255,253",SF,15세관람가,일반영화
유령,이해영,(주)씨제이이엔엠,2023-01-18,장편,한국,1099,6758040280,663836,"1,744,143,007","168,021",액션,15세관람가,일반영화
인어 공주,박흥식,(주)씨제이이엔엠,2004-06-30,장편,한국,0,0,661679,0,"258,368",드라마,전체관람가,독립/예술영화
명탐정 코난 : 칠흑의 추적자,야마모토 타이치로,에이원엔터테인먼트,2009-07-29,장편,일본,200,4248881868,661550,"918,625,000","137,471",애니메이션,전체관람가,일반영화
신데렐라,봉만대,(주)쇼박스,2006-08-17,장편,한국,0,0,659122,0,"153,480",공포(호러),15세관람가,일반영화
삼총사 3D,폴 W.S. 앤더슨,롯데쇼핑㈜롯데엔터테인먼트,2011-10-12,장편,독일,510,5710755500,657564,"2,047,683,000","217,628",액션,12세관람가,일반영화
샤잠!,데이비드 F. 샌드버그,워너브러더스 코리아(주),2019-04-03,장편,미국,1148,5730673797,656492,"1,794,508,367","196,571",액션,12세관람가,일반영화
실종,김성홍,(주)시너지하우스 (시너지),2009-03-19,장편,한국,257,4415413589,654587,"1,084,313,000","150,809",범죄,청소년관람불가,일반영화
열정같은소리하고있네,정기훈,(주)넥스트엔터테인먼트월드(NEW),2015-11-25,장편,한국,566,4761399902,654407,"1,351,744,002","177,071",드라마,15세관람가,일반영화
아이 엠 넘버 포,D.J. 카루소,한국소니픽쳐스릴리징브에나비스타영화㈜,2011-02-24,장편,미국,284,4955215500,654386,"1,576,235,000","197,802",액션,12세관람가,일반영화
엔더스 게임,개빈 후드,롯데쇼핑㈜롯데엔터테인먼트,2013-12-31,장편,미국,460,4925056000,654212,"1,564,711,500","199,025",SF,12세관람가,일반영화
그날의 분위기,조규장,(주)쇼박스,2016-01-14,장편,한국,592,5142899612,652453,"1,404,786,825","171,304",멜로/로맨스,15세관람가,일반영화
여고괴담 5,이종용,롯데쇼핑㈜롯데엔터테인먼트,2009-06-18,장편,한국,318,4205826795,652097,"1,087,081,000","157,643",공포(호러),15세관람가,일반영화
울학교 이티,박광춘,에스케이텔레콤(주),2008-09-11,장편,한국,298,4156170833,651439,"1,076,953,333","160,113",드라마,15세관람가,일반영화
오션스,"자끄 페렝,자크 클로드",롯데쇼핑㈜롯데엔터테인먼트,2010-07-28,장편,프랑스,217,4473889375,650994,"1,145,436,000","158,175",다큐멘터리,전체관람가,독립/예술영화
스텔스,롭 코헨,소니픽쳐스릴리징코리아,2005-07-28,장편,미국,0,0,650160,0,"174,680",액션,12세관람가,일반영화
아빠는 딸,김형협,플러스엠 엔터테인먼트,2017-04-12,장편,한국,520,5047634395,646412,"1,154,175,195","141,570",코미디,12세관람가,일반영화
프레스티지,크리스토퍼 놀란,워너브러더스 코리아(주),2006-11-02,장편,미국,0,0,646184,0,"338,844",스릴러,15세관람가,일반영화
사냥,이우철,롯데쇼핑㈜롯데엔터테인먼트,2016-06-29,장편,한국,696,4912658515,645922,"1,275,511,815","162,472",액션,15세관람가,일반영화
눈먼자들의 도시,페르난도 메이렐레스,(주)싸이더스,2008-11-20,장편,기타,238,4356692000,645218,"1,700,769,000","241,012",드라마,청소년관람불가,일반영화
리오,카를로스 살다나,이십세기폭스코리아(주),2011-07-27,장편,미국,333,5022007500,645191,"1,246,908,000","148,653",애니메이션,전체관람가,일반영화
나를 찾아줘,김승우,워너브러더스 코리아(주),2019-11-27,장편,한국,875,5117014620,645082,"1,211,838,780","146,847",스릴러,15세관람가,일반영화
아파트,안병기,(주)쇼박스,2006-07-06,장편,한국,0,0,644893,0,"188,211",공포(호러),청소년관람불가,일반영화
명탐정 코난 : 침묵의 15분,시즈노 코분,(주)미디어데이,2011-08-03,장편,일본,275,4209588000,644216,"853,386,500","124,473",애니메이션,전체관람가,일반영화
페임,케빈 탄차로엔,(주)다자인소프트,2009-09-24,장편,미국,328,4727133460,644163,"2,008,257,500","261,798",뮤지컬,12세관람가,독립/예술영화
머니볼,베넷 밀러,한국소니픽쳐스릴리징브에나비스타영화㈜,2011-11-17,장편,미국,385,4677562000,641099,"2,129,201,500","277,225",드라마,12세관람가,일반영화
사랑할 때 버려야 할 아까운 것들,낸시 마이어스,워너브러더스 코리아(주),2004-02-13,장편,미국,0,0,640830,0,"411,765",코미디,15세관람가,일반영화
백만장자의 첫사랑,김태균,롯데쇼핑㈜롯데엔터테인먼트,2006-02-09,장편,한국,0,0,639596,0,"150,105",멜로/로맨스,12세관람가,일반영화
호튼,"지미 헤이워드,스티브 마티노",이십세기폭스코리아(주),2008-04-30,장편,미국,336,3802813334,638598,"1,098,249,334","176,858",애니메이션,전체관람가,일반영화
광대들: 풍문조작단,김주호,워너브러더스 코리아(주),2019-08-21,장편,한국,806,5226776088,637021,"1,097,148,968","129,821",사극,12세관람가,일반영화
스노우 화이트 앤 더 헌츠맨,루퍼트 샌더스,유니버설픽쳐스인터내셔널 코리아(유),2012-05-30,장편,미국,447,4646250000,636631,"1,477,032,000","191,591",액션,12세관람가,일반영화
널 기다리며,모홍진,(주)넥스트엔터테인먼트월드(NEW),2016-03-10,장편,한국,551,5232611336,634953,"1,188,915,987","138,898",스릴러,청소년관람불가,일반영화
플랜맨,성시흡,롯데쇼핑㈜롯데엔터테인먼트,2014-01-09,장편,한국,458,4528561558,632299,"1,107,270,058","147,025",드라마,15세관람가,일반영화
판타스틱 4: 실버 서퍼의 위협,팀 스토리,이십세기폭스필름코퍼레이션,2007-08-08,장편,미국,0,0,631990,0,"161,682",SF,12세관람가,일반영화
엔칸토: 마법의 세계,"바이론 하워드,자레드 부시,채리스 카스트로 스미스",월트디즈니컴퍼니코리아 유한책임회사,2021-11-24,장편,미국,1102,5979022100,630762,"1,545,212,270","155,017",애니메이션,전체관람가,일반영화
핸드폰,김한민,에스케이텔레콤(주),2009-02-19,장편,한국,356,4271780582,630049,"1,207,936,000","169,335",스릴러,청소년관람불가,일반영화
스승의 은혜,임대웅,쇼이스트(주),2006-08-03,장편,한국,0,0,629452,0,"169,582",공포(호러),청소년관람불가,일반영화
컨택트,드니 빌뇌브,유니버설픽쳐스인터내셔널 코리아(유),2017-02-02,장편,미국,605,5174020721,629322,"2,112,362,621","249,789",SF,12세관람가,일반영화
조선마술사,김대승,롯데쇼핑㈜롯데엔터테인먼트,2015-12-30,장편,한국,608,4650016527,628576,"1,107,370,838","144,953",드라마,12세관람가,일반영화
다찌마와리,류승완,(주)쇼박스,2008-08-14,장편,한국,299,4131701167,628508,"1,599,187,667","233,232",액션,12세관람가,일반영화
명탐정 코난: 천공의 난파선,야마모토 야스이치로,에이원엔터테인먼트,2010-07-21,장편,일본,234,4065925171,628423,"805,351,500","118,938",애니메이션,전체관람가,일반영화
설리: 허드슨강의 기적,클린트 이스트우드,워너브러더스 코리아(주),2016-09-28,장편,미국,573,5234170754,627102,"1,679,863,954","192,870",드라마,12세관람가,일반영화
지푸라기라도 잡고 싶은 짐승들,김용훈,플러스엠 엔터테인먼트,2020-02-19,장편,한국,996,5442138750,626815,"1,631,018,560","185,951",스릴러,청소년관람불가,일반영화
앨빈과 슈퍼밴드2,베티 토머스,이십세기폭스코리아(주),2009-12-30,장편,미국,237,4171956017,625900,"1,132,116,000","161,535",가족,전체관람가,일반영화
더 임파서블,후안 안토니오 바요나,롯데쇼핑㈜롯데엔터테인먼트,2013-01-17,장편,기타,408,4444581500,622572,"1,193,576,000","161,126",액션,12세관람가,일반영화
해부학 교실,손태웅,영화사청어람(주),2007-07-11,장편,한국,0,0,622400,0,"142,942",공포(호러),15세관람가,일반영화
아더 크리스마스,베리 쿡,한국소니픽쳐스릴리징브에나비스타영화㈜,2011-11-25,장편,미국,356,4779642000,622286,"1,276,658,000","153,783",애니메이션,전체관람가,일반영화
본 슈프리머시,폴 그린그래스,UIP코리아,2004-08-20,장편,미국,0,0,620000,0,"258,558",액션,15세관람가,일반영화
눈의 여왕 2: 트롤의 마법거울,알렉세이 트시칠린,씨네그루(주)다우기술,2014-12-24,장편,기타,479,4482452600,618598,"858,046,900","113,356",애니메이션,전체관람가,독립/예술영화
인 타임,앤드류 니콜,이십세기폭스코리아(주),2011-10-27,장편,미국,304,4579554500,616943,"1,724,354,000","220,645",SF,12세관람가,일반영화
홍길동의 후예,정용기,에스케이텔레콤(주),2009-11-26,장편,한국,380,4293061087,616654,"1,152,829,000","159,661",액션,12세관람가,일반영화
특종: 량첸살인기,노덕,롯데쇼핑㈜롯데엔터테인먼트,2015-10-22,장편,한국,776,4754763118,616481,"1,319,649,718","165,767",스릴러,15세관람가,일반영화
행복을 찾아서,가브리엘 무치노,(주)팝엔터테인먼트,2007-02-28,장편,미국,0,0,615374,0,"268,640",드라마,전체관람가,일반영화
나비,김현성,(주)시네마서비스,2003-04-30,장편,한국,0,0,612558,0,"173,613",드라마,15세관람가,일반영화
잭 리처: 네버 고 백,에드워드 즈윅,롯데쇼핑㈜롯데엔터테인먼트,2016-11-30,장편,미국,667,4647326258,612328,"1,384,339,358","176,367",액션,15세관람가,일반영화
미쓰GO,박철관,(주)넥스트엔터테인먼트월드(NEW),2012-06-21,장편,한국,440,4441859000,611685,"1,194,708,500","155,409",액션,15세관람가,일반영화
무영검,김영준,(주)씨제이이엔엠,2005-11-18,장편,한국,0,0,609852,0,"157,908",액션,12세관람가,일반영화
서부전선,천성일,롯데쇼핑㈜롯데엔터테인먼트,2015-09-24,장편,한국,509,4751661400,609063,"1,045,890,400","128,610",전쟁,12세관람가,일반영화
압꾸정,임진순,(주)쇼박스,2022-11-30,장편,한국,1229,5727172661,608639,"1,223,429,718","127,818",코미디,12세관람가,일반영화
그린 존,폴 그린그래스,(주)싸이더스,2010-03-25,장편,미국,280,4534073117,606841,"1,764,722,500","224,900",드라마,15세관람가,일반영화
헝거게임: 판엠의 불꽃,게리 로스,롯데쇼핑㈜롯데엔터테인먼트,2012-04-05,장편,미국,514,4470681000,606531,"1,781,865,500","231,022",액션,15세관람가,일반영화
왓치맨,잭 스나이더,(주)씨제이이엔엠,2009-03-05,장편,미국,358,4175166338,606317,"1,635,321,000","223,291",액션,청소년관람불가,일반영화
연애 빠진 로맨스,정가영,(주)씨제이이엔엠,2021-11-24,장편,한국,967,6148017790,606273,"1,845,712,890","181,524",멜로/로맨스,15세관람가,일반영화
이층의 악당,손재곤,(주)싸이더스,2010-11-24,장편,한국,384,4332815318,605224,"1,469,062,000","193,993",코미디,15세관람가,일반영화
피에타,김기덕,(주)넥스트엔터테인먼트월드(NEW),2012-09-06,장편,한국,291,4354008500,602967,"1,733,182,500","231,026",드라마,청소년관람불가,독립/예술영화
역전의 명수,박흥식,(주)시네마서비스,2005-04-15,장편,한국,0,0,602078,0,"161,379",코미디,15세관람가,일반영화
미스터 주: 사라진 VIP,김태윤,플러스엠 엔터테인먼트,2020-01-22,장편,한국,692,5057108660,601675,"985,780,260","115,640",코미디,12세관람가,일반영화
그루지,시미즈 다카시,(주)튜브엔터테인먼트,2005-05-26,장편,일본,0,0,601342,0,"159,076",공포(호러),15세관람가,일반영화
페이첵,오우삼,(주)씨제이이엔엠,2004-01-22,장편,미국,0,0,600067,0,"232,964",액션,15세관람가,일반영화
다이노소어 어드벤처 3D,"베리 쿡,닐 나이팅게일",이십세기폭스코리아(주),2013-12-19,장편,미국,464,4860516500,599963,"1,098,977,000","128,585",액션,전체관람가,일반영화
반가운 살인자,김동욱,롯데쇼핑㈜롯데엔터테인먼트,2010-04-08,장편,한국,261,4347073175,599176,"1,236,642,000","163,606",코미디,15세관람가,일반영화
우는 남자,이정범,(주)씨제이이엔엠,2014-06-04,장편,한국,508,4883740800,599050,"1,416,378,800","167,680",액션,청소년관람불가,일반영화
콜롬비아나,올리비에 메가턴,(주)시너지하우스 (시너지),2011-08-31,장편,미국,397,4514940000,598373,"1,515,451,500","192,192",액션,15세관람가,일반영화
일루셔니스트,닐 버거,롯데쇼핑㈜롯데엔터테인먼트,2007-03-08,장편,미국,0,0,597174,0,"190,529",드라마,15세관람가,일반영화
타잔 3D,라인하드 클루스,(주)싸이더스,2014-01-09,장편,독일,527,4452845000,597142,"974,501,500","124,008",애니메이션,전체관람가,일반영화
데스노트 : 라스트 네임,카네코 슈스케,(주)엔케이컨텐츠,2007-01-10,장편,일본,0,0,596484,0,"150,881",범죄,12세관람가,일반영화
용의주도 미스신,박용집,(주)싸이더스,2007-12-18,장편,한국,0,0,595872,"95,329,500","157,330",멜로/로맨스,15세관람가,일반영화
레터스 투 줄리엣,게리 위닉,(주)넥스트엔터테인먼트월드(NEW),2010-10-06,장편,미국,284,4343347481,593630,"1,949,740,500","254,400",멜로/로맨스,12세관람가,일반영화
애정결핍이 두 남자에게 미치는 영향,김성훈,롯데쇼핑㈜롯데엔터테인먼트,2006-11-16,장편,한국,0,0,593277,0,"158,515",코미디,15세관람가,일반영화
황제를 위하여,박상준,유나이티드픽처스(주),2014-06-11,장편,한국,423,4751881771,592041,"970,871,571","115,829",액션,청소년관람불가,일반영화
맨 온 렛지,애스게르 레스,롯데쇼핑㈜롯데엔터테인먼트,2012-02-22,장편,미국,408,4393531500,591841,"1,529,425,000","196,445",범죄,15세관람가,일반영화
패션왕,오기환,(주)넥스트엔터테인먼트월드(NEW),2014-11-06,장편,한국,523,4338223379,591125,"991,436,179","128,375",코미디,15세관람가,일반영화
그것: 두 번째 이야기,안드레스 무시에티,워너브러더스 코리아(주),2019-09-04,장편,미국,999,5107465367,591043,"1,404,236,307","157,197",스릴러,15세관람가,일반영화
뜨거운 것이 좋아,권칠인,(주)시네마서비스,2008-01-17,장편,한국,256,3790235833,590409,"1,344,619,833","202,830",드라마,15세관람가,일반영화
47 미터,요하네스 로버츠,(주)키다리이엔티,2017-07-19,장편,영국,733,4686022657,590036,"1,043,910,157","125,764",스릴러,15세관람가,일반영화
극장판 헬로카봇 : 달나라를 구해줘!,"최신규,김진철",롯데컬처웍스(주)롯데엔터테인먼트,2019-09-04,장편,한국,889,4553434150,587818,"687,159,820","84,670",애니메이션,전체관람가,일반영화
더 울프 오브 월스트리트,마틴 스코세이지,주식회사 우리네트웍스,2014-01-09,장편,미국,395,4490682000,585082,"2,130,174,000","271,592",범죄,청소년관람불가,일반영화
해피 피트,"조지 밀러,주디 모리스",워너브러더스 코리아(주),2006-12-21,장편,미국,0,0,584900,0,"252,605",애니메이션,전체관람가,일반영화
바디 오브 라이즈,리들리 스콧,워너브러더스 코리아(주),2008-10-23,장편,미국,232,3811488333,584861,"1,458,966,333","211,331",스릴러,15세관람가,일반영화
치킨리틀,마크 딘달,브에나비스타인터내셔널코리아,2006-01-26,장편,미국,0,0,584706,0,"163,151",애니메이션,전체관람가,일반영화
디스터비아,D.J. 카루소,(주)씨제이이엔엠,2007-08-30,장편,미국,0,0,583993,0,"203,422",스릴러,12세관람가,일반영화
퀴즈왕,장진,(주)시네마서비스,2010-09-16,장편,한국,323,4258992759,583183,"1,249,453,000","164,631",코미디,15세관람가,일반영화
마법사의 제자,존 터틀타웁,한국소니픽쳐스릴리징브에나비스타영화㈜,2010-07-21,장편,미국,298,4132049517,582698,"1,213,116,000","163,071",드라마,전체관람가,일반영화
다크 섀도우,팀 버튼,워너브러더스 코리아(주),2012-05-10,장편,미국,394,4326459000,582126,"1,488,456,500","189,955",드라마,15세관람가,일반영화
고고 70,최호,(주)쇼박스,2008-10-03,장편,한국,362,3795149333,581468,"1,482,033,833","216,129",드라마,15세관람가,일반영화
극장판 포켓몬스터DP: 기라티나와 하늘의 꽃다발 쉐이미,유야마 쿠니히코,(주)넥스트엔터테인먼트월드(NEW),2022-06-01,장편,일본,809,5477045710,581216,"815,001,560","83,282",애니메이션,전체관람가,일반영화
어린왕자,마크 오스본,씨네그루(주)다우기술,2015-12-23,장편,프랑스,494,4336252627,579130,"1,389,264,338","177,032",애니메이션,전체관람가,독립/예술영화
인시디어스: 두번째 집,제임스 완,소니픽쳐스릴리징월트디즈니스튜디오스코리아(주),2013-12-05,장편,미국,405,4001207000,577758,"1,051,192,000","143,845",공포(호러),15세관람가,일반영화
백설공주,타셈 싱,롯데쇼핑㈜롯데엔터테인먼트,2012-05-03,장편,미국,386,4038223000,576150,"1,287,829,500","174,825",판타지,전체관람가,일반영화
극장판 헬로카봇: 옴파로스 섬의 비밀,"최신규,김진철",(주)넥스트엔터테인먼트월드(NEW),2019-01-31,장편,한국,752,4485905140,575353,"724,293,890","88,888",애니메이션,전체관람가,일반영화
인비저블맨,리 워넬,유니버설픽쳐스인터내셔널 코리아(유),2020-02-26,장편,미국,776,5015895060,575043,"1,551,577,840","173,110",공포(호러),15세관람가,일반영화
채피,닐 블롬캠프,유니버설픽쳐스인터내셔널 코리아(유),2015-03-12,장편,미국,536,4620348654,573657,"1,430,685,654","167,768",액션,15세관람가,일반영화
섀도우 헌터스: 뼈의 도시,해럴드 즈워트,롯데쇼핑㈜롯데엔터테인먼트,2013-09-12,장편,미국,374,4034176500,571074,"1,158,559,000","156,564",판타지,15세관람가,일반영화
열혈남아,이정범,(주)씨제이이엔엠,2006-11-09,장편,한국,0,0,570059,0,"140,711",드라마,15세관람가,일반영화
루퍼,라이언 존슨,(주)에스비에스콘텐츠허브,2012-10-11,장편,미국,386,4252182000,570010,"1,805,984,000","232,553",SF,청소년관람불가,일반영화
마스터 앤드 커맨더: 위대한 정복자,피터 위어,이십세기폭스필름코퍼레이션,2003-11-28,장편,미국,0,0,570000,0,"193,401",전쟁,12세관람가,일반영화
앨빈과 슈퍼밴드3,마이크 미첼,이십세기폭스코리아(주),2011-12-15,장편,미국,327,3763147000,569773,"833,551,500","120,514",애니메이션,전체관람가,일반영화
화이트 하우스 다운,롤랜드 에머리히,소니픽쳐스릴리징월트디즈니스튜디오스코리아(주),2013-06-27,장편,미국,480,4015707500,569500,"1,348,600,000","184,731",액션,15세관람가,일반영화
이탈리안 잡,F. 게리 그레이,기타,2003-10-02,장편,미국,0,0,566800,0,"265,350",범죄,15세관람가,일반영화
동갑내기 과외하기 레슨 2,"지길웅,김호정",(주)씨제이이엔엠,2007-04-19,장편,한국,0,0,566498,0,"131,694",코미디,12세관람가,일반영화
이스케이프 룸,애덤 로비텔,소니픽쳐스엔터테인먼트코리아주식회사극장배급지점,2019-03-14,장편,미국,850,5007420664,563114,"1,360,092,834","149,452",액션,15세관람가,일반영화
클로버필드,맷 리브스,(주)씨제이이엔엠,2008-01-24,장편,미국,281,3730650667,562764,"1,438,500,667","206,661",SF,15세관람가,일반영화
파파,한지승,롯데쇼핑㈜롯데엔터테인먼트,2012-02-01,장편,한국,414,3866065500,562156,"1,001,172,500","140,728",가족,12세관람가,일반영화
다세포소녀,이재용,롯데쇼핑㈜롯데엔터테인먼트,2006-08-10,장편,한국,0,0,561803,0,"140,754",코미디,15세관람가,일반영화
스텝 업: 올 인,트리시 시에,(주)나이너스엔터테인먼트,2014-09-03,장편,미국,325,4313097134,560620,"1,112,615,734","138,461",드라마,12세관람가,일반영화
싱 스트리트,존 카니,(주)이수C&E,2016-05-19,장편,기타,494,4488377672,560578,"1,924,616,772","236,329",드라마,15세관람가,독립/예술영화
슈퍼맨이었던 사나이,정윤철,(주)씨제이이엔엠,2008-01-31,장편,한국,388,3688309333,559705,"1,183,671,833","173,173",드라마,전체관람가,일반영화
레지던트 이블 5 : 최후의 심판,폴 W.S. 앤더슨,한국소니픽쳐스릴리징브에나비스타영화㈜,2012-09-13,장편,미국,368,4757460500,558433,"1,494,514,500","164,990",액션,청소년관람불가,일반영화
레지던트 이블 3 - 인류의 멸망,러셀 멀케이,㈜스튜디오이쩜영,2007-10-18,장편,프랑스,0,0,557851,0,"177,122",액션,청소년관람불가,일반영화
잉크하트 : 어둠의 부활,이안 소프틀리,롯데쇼핑㈜롯데엔터테인먼트,2009-01-29,장편,미국,240,3547748935,556496,"1,073,680,500","159,183",어드벤처,전체관람가,일반영화
인시디어스4: 라스트 키,애덤 로비텔,소니픽쳐스엔터테인먼트코리아주식회사극장배급지점,2018-01-31,장편,미국,769,4301309864,554521,"985,318,264","123,478",공포(호러),15세관람가,일반영화
양자물리학,이성태,(주)메리크리스마스,2019-09-25,장편,한국,799,4526478380,553879,"1,152,440,160","137,943",범죄,15세관람가,일반영화
아이스 에이지: 지구 대충돌,마이크 트메이어,이십세기폭스코리아(주),2016-07-20,장편,미국,580,4092484600,553760,"920,145,300","116,487",애니메이션,전체관람가,일반영화
뱅크 잡,로저 도널드슨,(주)싸이더스,2008-10-30,장편,영국,199,3578915667,553159,"1,195,421,167","176,112",범죄,15세관람가,일반영화
데어데블,마크 스티븐 존슨,기타,2003-03-21,장편,미국,0,0,553000,0,"238,430",액션,15세관람가,일반영화
그린치,스콧 모시어,유니버설픽쳐스인터내셔널 코리아(유),2018-12-19,장편,미국,724,4188466900,552962,"978,246,100","122,641",애니메이션,전체관람가,일반영화
메카닉: 리크루트,데니스 간젤,(주)제이앤씨미디어그룹,2016-08-31,장편,미국,320,4458200800,551897,"1,177,943,300","142,121",액션,15세관람가,일반영화
극장판 요괴워치: 탄생의 비밀이다냥!,"타카하시 시게하루,우시로 신지",(주)씨제이이엔엠,2015-07-22,장편,일본,509,3886775100,550728,"601,746,400","82,667",애니메이션,전체관람가,일반영화
점박이 한반도의 공룡2 : 새로운 낙원,한상호,(주)넥스트엔터테인먼트월드(NEW),2018-12-25,장편,한국,672,4293073300,550059,"692,247,500","85,793",애니메이션,전체관람가,일반영화
하류인생,임권택,(주)시네마서비스,2004-05-21,장편,한국,0,0,550000,0,"196,000",액션,15세관람가,독립/예술영화
사랑 따윈 필요 없어,이철하,(주)쇼박스,2006-11-09,장편,한국,0,0,548998,0,"164,857",멜로/로맨스,15세관람가,일반영화
10일 안에 남자 친구에게 차이는 법,도날드 페트리,UIP코리아,2003-05-08,장편,미국,0,0,547845,0,"269,832",멜로/로맨스,12세관람가,일반영화
나쁜 녀석들: 포에버,"아딜 엘 아르비,빌랄 팔라",소니픽쳐스엔터테인먼트코리아주식회사극장배급지점,2020-01-15,장편,미국,896,4880576760,547775,"1,431,204,050","155,245",액션,청소년관람불가,일반영화
원더 우먼 1984,팻티 젠킨스,워너브러더스 코리아(주),2020-12-23,장편,미국,2260,4938591400,546897,"1,459,053,100","154,808",액션,12세관람가,일반영화
어깨동무,조진규,(주)씨제이이엔엠,2004-03-12,장편,한국,0,0,545735,0,"127,023",코미디,15세관람가,일반영화
가발,원신연,(주)씨제이이엔엠,2005-08-12,장편,한국,0,0,545591,0,"131,672",공포(호러),15세관람가,일반영화
호로비츠를 위하여,권형진,(주)쇼박스,2006-05-25,장편,한국,0,0,544656,0,"185,978",드라마,전체관람가,일반영화
청연,윤종찬,코리아픽쳐스(주),2005-12-29,장편,한국,0,0,543597,0,"210,093",드라마,12세관람가,일반영화
빌리지,M. 나이트 샤말란,한국소니픽쳐스릴리징브에나비스타영화㈜,2004-09-24,장편,미국,0,0,542950,0,"234,812",공포(호러),12세관람가,일반영화
사랑방 선수와 어머니,임영성,롯데쇼핑㈜롯데엔터테인먼트,2007-08-08,장편,한국,0,0,541236,0,"123,857",코미디,12세관람가,일반영화
너는 펫,김병곤,롯데쇼핑㈜롯데엔터테인먼트,2011-11-10,장편,한국,341,3798398000,540972,"1,097,757,500","148,666",멜로/로맨스,12세관람가,일반영화
"그날, 바다",김지영,(주)엣나인필름,2018-04-12,장편,한국,611,4445554528,540558,"1,157,399,300","136,574",다큐멘터리,15세관람가,독립/예술영화
트럭,권형진,(주)싸이더스,2008-09-25,장편,한국,257,3668218000,540485,"956,725,000","132,054",범죄,청소년관람불가,일반영화
툼레이더,로아 우타우,워너브러더스 코리아(주),2018-03-08,장편,미국,806,4500905762,540410,"1,147,492,762","131,406",액션,12세관람가,일반영화
트리플 X2 : 넥스트 레벨,리 타마호리,소니픽쳐스릴리징코리아,2005-04-29,장편,미국,0,0,540056,0,"160,069",범죄,12세관람가,일반영화
신화 : 진시황릉의 비밀,당계례,씨네그루(주)다우기술,2005-10-13,장편,기타,0,0,538381,0,"130,993",액션,12세관람가,일반영화
애프터 어스,M. 나이트 샤말란,소니픽쳐스릴리징월트디즈니스튜디오스코리아(주),2013-05-30,장편,미국,484,3831856167,537920,"1,266,901,167","168,880",SF,12세관람가,일반영화
국제수사,김봉한,(주)쇼박스,2020-09-29,장편,한국,1074,4496549760,537470,"868,003,360","103,185",코미디,15세관람가,일반영화
이태원 살인사건,홍기선,(주)쇼박스,2009-09-10,장편,한국,236,4023152210,537075,"1,232,094,000","156,251",범죄,15세관람가,독립/예술영화
청풍명월(淸風明月),김의석,시나브로엔터테인먼트(주),2003-07-16,장편,한국,0,0,536258,0,"191,600",액션,15세관람가,일반영화
메리와 마녀의 꽃,요네바야시 히로마사,CGV아트하우스,2017-12-07,장편,일본,751,4064258739,535354,"1,100,455,439","137,880",애니메이션,전체관람가,일반영화
페르디난드,카를로스 살다나,이십세기폭스코리아(주),2018-01-03,장편,미국,698,3854216500,533776,"667,415,700","88,198",애니메이션,전체관람가,일반영화
미쓰 홍당무,이경미,(주)벤티지홀딩스,2008-10-16,장편,한국,290,3564401608,532324,"1,378,528,500","197,039",드라마,청소년관람불가,일반영화
판의 미로 - 오필리아와 세 개의 열쇠,길예르모 델 토로,(주)디스테이션,2006-11-30,장편,기타,0,0,532097,0,"167,020",드라마,15세관람가,독립/예술영화
사이코메트리,권호영,(주)씨제이이엔엠,2013-03-07,장편,한국,429,3964769129,531953,"1,133,052,129","145,312",미스터리,청소년관람불가,일반영화
고양이의 보은,모리타 히로유키,(주)씨제이이엔엠,2003-08-08,장편,일본,0,0,531544,0,"225,650",애니메이션,전체관람가,독립/예술영화
침입자,손원평,(주)에이스메이커무비웍스,2020-06-04,장편,한국,1365,4806314000,531212,"1,029,368,660","110,923",미스터리,15세관람가,일반영화
사랑을 놓치다,추창민,(주)시네마서비스,2006-01-26,장편,한국,0,0,529138,0,"183,270",멜로/로맨스,15세관람가,일반영화
이상한 나라의 수학자,박동훈,(주)쇼박스,2022-03-09,장편,한국,1357,4996234520,528900,"1,352,417,450","142,199",드라마,12세관람가,일반영화
키다리 아저씨,공정식,(주)씨제이이엔엠,2005-01-14,장편,한국,0,0,528817,0,"158,207",드라마,12세관람가,일반영화
버닝,이창동,CGV아트하우스,2018-05-17,장편,한국,739,4714345098,528153,"1,765,445,398","194,098",미스터리,청소년관람불가,일반영화
챔프,이환경,(주)쇼박스,2011-09-07,장편,한국,288,3805721000,528149,"962,576,500","126,060",드라마,12세관람가,일반영화
7년의 밤,추창민,(주)씨제이이엔엠,2018-03-28,장편,한국,872,3969337524,528007,"1,046,793,224","133,744",스릴러,15세관람가,일반영화
메가로돈,존 터틀타웁,워너브러더스 코리아(주),2018-08-15,장편,미국,601,4510731497,527331,"996,870,197","111,268",액션,12세관람가,일반영화
러브 & 드럭스,에드워드 즈윅,이십세기폭스코리아(주),2011-01-13,장편,미국,284,4125733000,527077,"2,020,856,000","250,187",멜로/로맨스,청소년관람불가,일반영화
몬스터,황인호,롯데쇼핑㈜롯데엔터테인먼트,2014-03-13,장편,한국,527,4136202515,526282,"1,110,307,115","135,839",스릴러,청소년관람불가,일반영화
콰이어트 플레이스,존 크래신스키,롯데쇼핑㈜롯데엔터테인먼트,2018-04-12,장편,미국,677,4580889849,526073,"1,445,057,049","161,329",공포(호러),15세관람가,일반영화
명탐정 코난: 11번째 스트라이커,"시즈노 코분,야마모토 야스이치로",(주)씨제이이엔엠,2012-07-19,장편,일본,350,3363777000,524914,"657,372,500","97,846",애니메이션,12세관람가,일반영화
미스트,프랭크 다라본트,영화사청어람(주),2008-01-10,장편,미국,197,3404297000,524572,"1,094,506,500","159,756",SF,15세관람가,일반영화
샴,팍품 웡품,롯데쇼핑㈜롯데엔터테인먼트,2007-07-17,장편,기타,0,0,524218,0,"141,161",공포(호러),15세관람가,일반영화
언노운,자움 콜렛 세라,워너브러더스 코리아(주),2011-02-17,장편,미국,186,3953681000,522794,"1,547,034,000","195,647",드라마,15세관람가,일반영화
체인질링,클린트 이스트우드,유니버설픽쳐스인터내셔널 코리아(유),2009-01-22,장편,미국,167,3581346406,522667,"1,592,953,500","224,289",드라마,청소년관람불가,일반영화
인베이젼,올리버 히르비겔,워너브러더스 코리아(주),2007-09-20,장편,미국,0,0,520800,0,"211,386",SF,15세관람가,일반영화
얼굴 없는 미녀,김인식,(주)씨제이이엔엠,2004-08-06,장편,한국,0,0,520753,0,"181,984",스릴러,청소년관람불가,일반영화
헬머니,신한솔,(주)넥스트엔터테인먼트월드(NEW),2015-03-05,장편,한국,422,4096141972,519983,"799,976,772","98,593",코미디,청소년관람불가,일반영화
퍼시 잭슨과 괴물의 바다,쏘어 프류덴탈,이십세기폭스코리아(주),2013-09-12,장편,미국,409,3791349609,519584,"1,005,494,109","127,666",판타지,12세관람가,일반영화
얼라이드,로버트 저메키스,롯데쇼핑㈜롯데엔터테인먼트,2017-01-11,장편,미국,546,4278041179,518886,"1,600,695,179","190,720",스릴러,15세관람가,일반영화
더블타겟,안톤 후쿠아,(주)씨제이이엔엠,2007-04-26,장편,미국,0,0,518777,0,"180,506",액션,청소년관람불가,일반영화
호두까기 인형과 4개의 왕국,"라세 할스트롬,조 존스톤",월트디즈니컴퍼니코리아 유한책임회사,2018-12-06,장편,미국,294,4153747200,518272,"1,221,527,400","146,274",판타지,전체관람가,일반영화
장르만 로맨스,조은지,(주)넥스트엔터테인먼트월드(NEW),2021-11-17,장편,한국,1194,5191579940,518269,"1,312,337,430","130,682",드라마,15세관람가,일반영화
소셜 네트워크,데이빗 핀처,워터홀컴퍼니(주),2010-11-18,장편,미국,302,3803054495,517286,"1,960,937,000","251,559",드라마,15세관람가,일반영화
아이스케키,여인광,(주)엠케이픽처스,2006-08-24,장편,한국,0,0,516492,0,"118,858",드라마,전체관람가,일반영화
고스트버스터즈,폴 페이그,유니버설픽쳐스인터내셔널 코리아(유),2016-08-25,장편,미국,511,4116292075,515522,"1,376,002,875","165,403",액션,12세관람가,일반영화
피라냐,알렉산더 아야,에스케이텔레콤(주),2010-08-26,장편,미국,306,5756700191,515074,"1,906,860,000","162,969",액션,청소년관람불가,일반영화
퍼스트 어벤져,조 존스톤,(주)씨제이이엔엠,2011-07-28,장편,미국,363,4163130500,514417,"1,590,831,500","184,678",액션,12세관람가,일반영화
여배우들,이재용,(주)쇼박스,2009-12-10,장편,한국,271,3784176467,514052,"1,685,058,500","218,939",드라마,12세관람가,독립/예술영화
애드 아스트라,제임스 그레이,이십세기폭스코리아(주),2019-09-19,장편,미국,853,4518393460,513375,"1,618,159,190","177,587",SF,12세관람가,일반영화
거울나라의 앨리스,제임스 보빈,월트디즈니컴퍼니코리아(주),2016-09-07,장편,미국,515,4145733267,513202,"1,251,835,067","146,759",어드벤처,12세관람가,일반영화
발레리안: 천 개 행성의 도시,뤽 베송,판씨네마(주),2017-08-30,장편,프랑스,629,4047756408,511931,"1,318,056,208","157,111",액션,12세관람가,일반영화
프렌즈: 몬스터섬의비밀,야마자키 타카시,(주)스마일이엔티,2011-12-29,장편,일본,297,3745986000,510996,"815,015,000","100,905",애니메이션,전체관람가,일반영화
가려진 시간,엄태화,(주)쇼박스,2016-11-16,장편,한국,884,3946462400,510878,"1,183,297,400","144,193",드라마,12세관람가,일반영화
플라이 대디,최종태,(주)시네마서비스,2006-08-03,장편,한국,0,0,510604,0,"146,143",드라마,12세관람가,일반영화
뻔뻔한 딕&제인,딘 패리소트,소니픽쳐스릴리징코리아,2006-03-30,장편,미국,0,0,509740,0,"205,875",코미디,12세관람가,일반영화
13구역: 얼티메이텀,패트릭 알레산드렝,㈜케이디미디어,2009-04-16,장편,프랑스,246,3404416275,509640,"991,775,500","140,400",액션,15세관람가,일반영화
먹고 기도하고 사랑하라,라이언 머피,한국소니픽쳐스릴리징브에나비스타영화㈜,2010-09-30,장편,미국,280,3738208724,509623,"1,794,986,000","234,267",드라마,15세관람가,일반영화
극장판 포켓몬스터 너로 정했다!,유야마 쿠니히코,(주)이수C&E,2017-12-21,장편,일본,626,3814315500,509555,"726,301,600","94,013",애니메이션,전체관람가,일반영화
여고괴담 4 : 목소리,최익환,(주)시네마서비스,2005-07-15,장편,한국,0,0,508319,0,"136,457",공포(호러),15세관람가,일반영화
원탁의 천사,권성국,(주)쇼박스,2006-08-24,장편,한국,0,0,508285,0,"83,549",코미디,15세관람가,일반영화
명탐정 코난: 순흑의 악몽,시즈노 코분,(주)씨제이이엔엠,2016-08-03,장편,일본,447,3754104500,507508,"717,455,600","93,719",애니메이션,12세관람가,일반영화
스타워즈: 라이즈 오브 스카이워커,J.J. 에이브럼스,월트디즈니컴퍼니코리아 유한책임회사,2020-01-08,장편,미국,957,4704790210,507265,"1,697,379,020","168,273",액션,12세관람가,일반영화
남자사용설명서,이원석,(주)쇼박스,2013-02-14,장편,한국,372,3602049257,507257,"1,016,134,757","136,010",코미디,15세관람가,일반영화
셰이프 오브 워터: 사랑의 모양,기예르모 델 토로,이십세기폭스코리아(주),2018-02-22,장편,미국,404,4210511600,506261,"2,140,571,300","253,866",어드벤처,청소년관람불가,일반영화
도라에몽 : 스탠 바이 미,"야마자키 타카시,야기 류이치",(주)넥스트엔터테인먼트월드(NEW),2015-02-12,장편,일본,432,3681140429,503516,"681,756,129","88,689",애니메이션,전체관람가,일반영화
어웨이크,조비 해롤드,(주)프라임엔터테인먼트,2008-03-27,장편,미국,216,3266005333,502807,"1,182,513,333","173,425",스릴러,15세관람가,일반영화
착신아리,미이케 다카시,(주)쇼박스,2004-07-09,장편,일본,0,0,502036,0,"116,144",공포(호러),15세관람가,일반영화
47미터 2,요하네스 로버츠,TCO(주)더콘텐츠온,2019-08-28,장편,미국,649,3846315153,501934,"1,102,624,133","130,922",공포(호러),15세관람가,일반영화
비밀의 숲 테라비시아,가버 추보,롯데쇼핑㈜롯데엔터테인먼트,2007-02-15,장편,미국,0,0,501863,0,"104,661",어드벤처,전체관람가,일반영화
그레이트 월,장예모,유니버설픽쳐스인터내셔널 코리아(유),2017-02-15,장편,미국,598,4352841358,501286,"1,257,212,358","138,597",판타지,12세관람가,일반영화
마이애미 바이스,마이클 만,UIP코리아,2006-08-17,장편,미국,0,0,500806,0,"191,723",액션,청소년관람불가,일반영화
나인,롭 마샬,(주)시너지하우스 (시너지),2009-12-31,장편,미국,332,3790050942,499838,"1,684,632,500","214,780",멜로/로맨스,15세관람가,일반영화
레지던트 이블 2-아포칼립스,알렉산더 윗,(주)시네마서비스,2004-11-05,장편,미국,0,0,499000,0,"159,775",액션,청소년관람불가,일반영화
노예 12년,스티브 맥퀸,판씨네마(주),2014-02-27,장편,미국,326,3644201200,498004,"1,466,423,200","194,506",드라마,15세관람가,일반영화
아부의 왕,정승구,롯데쇼핑㈜롯데엔터테인먼트,2012-06-21,장편,한국,428,3511102500,497880,"972,557,500","131,766",코미디,15세관람가,일반영화
캐치미,이현종,롯데쇼핑㈜롯데엔터테인먼트,2013-12-18,장편,한국,517,3387483000,492773,"956,243,500","131,932",코미디,12세관람가,일반영화
무서운 이야기 2,"김성호,김휘,정범식,민규동",롯데쇼핑㈜롯데엔터테인먼트,2013-06-05,옴니버스,한국,337,3375472500,492465,"766,405,500","105,175",미스터리,15세관람가,일반영화
불량남녀,신근호,(주)쇼박스,2010-11-04,장편,한국,345,3619026909,491207,"925,175,000","119,059",코미디,15세관람가,일반영화
스타 이즈 본,브래들리 쿠퍼,워너브러더스 코리아(주),2018-10-09,장편,미국,555,4257580060,490957,"2,035,447,500","228,963",드라마,15세관람가,일반영화
명탐정 코난: 할로윈의 신부,미츠나카 스스무,(주)씨제이이엔엠,2022-07-13,장편,일본,758,5119750724,490868,"1,292,448,496","117,702",애니메이션,12세관람가,일반영화
곰돌이 푸 다시 만나 행복해,마크 포스터,월트디즈니컴퍼니코리아 유한책임회사,2018-10-03,장편,미국,536,4076578860,490307,"1,514,773,210","175,858",어드벤처,전체관람가,일반영화
동감,서은영,씨제이 씨지브이(CJ CGV)(주),2022-11-16,장편,한국,1013,4753528700,489898,"1,220,704,123","123,537",멜로/로맨스,12세관람가,일반영화
레드,로베르트 슈벤트케,(주)화앤담이엔티,2010-11-03,장편,미국,322,3607106025,489855,"1,236,989,000","159,990",액션,15세관람가,일반영화
또 하나의 약속,김태윤,영화사올(주),2014-02-06,장편,한국,192,3470184400,489409,"895,346,100","117,256",드라마,12세관람가,일반영화
오펀: 천사의 비밀,자움 콜렛 세라,워너브러더스 코리아(주),2009-08-20,장편,미국,171,3732523602,488242,"1,419,243,000","177,219",공포(호러),청소년관람불가,일반영화
아들,장진,(주)시네마서비스,2007-05-01,장편,한국,0,0,488221,0,"140,782",드라마,전체관람가,일반영화
카3: 새로운 도전,브라이언 피,월트디즈니컴퍼니코리아 유한책임회사,2017-07-13,장편,미국,800,3599544501,487916,"854,573,801","108,150",애니메이션,전체관람가,일반영화
침묵,정지우,(주)씨제이이엔엠,2017-11-02,장편,한국,634,3873542364,487897,"1,140,873,764","139,002",드라마,15세관람가,일반영화
넥스트,리 타마호리,(주)씨제이이엔엠,2007-05-17,장편,미국,0,0,486274,0,"182,442",SF,12세관람가,일반영화
해어화,박흥식,롯데쇼핑㈜롯데엔터테인먼트,2016-04-13,장편,한국,572,3763852759,485083,"1,147,859,410","143,843",사극,15세관람가,일반영화
헐크,이안,UIP코리아,2003-07-04,장편,미국,0,0,484479,0,"154,105",액션,전체관람가,일반영화
천년여우 여우비,이성강,(주)씨제이이엔엠,2007-01-25,장편,한국,0,0,482988,0,"109,866",애니메이션,전체관람가,일반영화
애나벨 집으로,게리 도버먼,워너브러더스 코리아(주),2019-06-26,장편,미국,653,3993147140,481766,"888,643,920","102,947",공포(호러),15세관람가,일반영화
계춘할망,창,(주)콘텐츠지오,2016-05-19,장편,한국,526,3589317348,480987,"848,101,748","109,124",가족,15세관람가,일반영화
소녀괴담,오인천,(주)리틀빅픽쳐스,2014-07-02,장편,한국,455,3546340054,480528,"707,926,554","92,017",미스터리,15세관람가,일반영화
조선미녀삼총사,박제현,(주)쇼박스,2014-01-29,장편,한국,388,3471341321,480361,"742,552,321","98,335",코미디,12세관람가,일반영화
맨 온 파이어,토니 스콧,이십세기폭스필름코퍼레이션,2004-09-24,장편,미국,0,0,480040,0,"155,650",액션,15세관람가,일반영화
친정엄마,유성엽,(주)싸이더스,2010-04-22,장편,한국,276,3367901082,478822,"956,688,000","129,750",드라마,전체관람가,일반영화
넛잡: 땅콩 도둑들,피터 레페니오티스,(주)싸이더스,2014-01-29,장편,한국,382,3280608100,478392,"796,865,300","109,813",애니메이션,전체관람가,일반영화
신데렐라맨,론 하워드,브에나비스타인터내셔널코리아,2005-09-15,장편,미국,0,0,477760,0,"181,614",드라마,전체관람가,일반영화
내니 다이어리,"로버트 풀치니,샤리 스프링어 버먼",(주)프라임엔터테인먼트,2007-10-03,장편,미국,0,0,477513,0,"205,403",코미디,12세관람가,일반영화
"로봇, 소리",이호재,롯데쇼핑㈜롯데엔터테인먼트,2016-01-27,장편,한국,609,3519595560,476665,"951,166,060","126,118",드라마,12세관람가,일반영화
트리플 엑스 리턴즈,D.J. 카루소,롯데쇼핑㈜롯데엔터테인먼트,2017-02-08,장편,미국,590,3967335095,475309,"1,022,502,995","116,855",액션,15세관람가,일반영화
블러드 다이아몬드,에드워드 즈윅,워너브러더스 코리아(주),2007-01-11,장편,미국,0,0,475000,0,"211,647",드라마,청소년관람불가,일반영화
모비우스,다니엘 에스피노사,소니픽쳐스엔터테인먼트코리아주식회사극장배급지점,2022-03-30,장편,미국,1696,4662620390,474560,"1,401,807,670","137,560",액션,15세관람가,일반영화
변산,이준익,플러스엠 엔터테인먼트,2018-07-04,장편,한국,763,3886052473,474137,"1,063,654,573","126,389",드라마,15세관람가,일반영화
페이스,유상곤,(주)시네마서비스,2004-06-11,장편,한국,0,0,474000,0,"135,000",공포(호러),15세관람가,일반영화
위험한 상견례 2,김진영,롯데쇼핑㈜롯데엔터테인먼트,2015-04-29,장편,한국,429,3575384754,472693,"738,570,754","93,940",멜로/로맨스,15세관람가,일반영화
잠베지아: 신비한 나무섬의 비밀,웨인 쏜리,롯데쇼핑㈜롯데엔터테인먼트,2012-12-25,장편,기타,273,3333947000,472692,"658,609,000","87,536",애니메이션,전체관람가,일반영화
슈퍼 에이트,J.J. 에이브럼스,(주)씨제이이엔엠,2011-06-16,장편,미국,411,3622835500,472118,"1,389,410,500","172,316",SF,12세관람가,일반영화
태양의 눈물,안톤 후쿠아,콜럼비아트라이스타,2003-04-04,장편,미국,0,0,471818,0,"128,349",액션,12세관람가,일반영화
카운트다운,허종호,(주)싸이더스,2011-09-29,장편,한국,341,3630557000,471547,"1,289,489,000","159,087",드라마,청소년관람불가,일반영화
식객2 : 김치전쟁,"백동훈,김길형",롯데쇼핑㈜롯데엔터테인먼트,2010-01-28,장편,한국,357,3298814209,471103,"958,627,500","127,932",드라마,전체관람가,일반영화
명탐정 코난 : 화염의 해바라기,시즈노 코분,(주)씨제이이엔엠,2015-08-05,장편,일본,433,3294096400,470990,"578,757,300","80,798",애니메이션,전체관람가,일반영화
내 생애 최악의 남자,손현희,(주)씨제이이엔엠,2007-08-30,장편,한국,0,0,470548,0,"108,353",드라마,15세관람가,일반영화
달콤한 거짓말,정정화,(주)씨제이이엔엠,2008-12-18,장편,한국,339,3116983744,470256,"898,621,500","134,535",멜로/로맨스,12세관람가,일반영화
리얼,이사랑,(주)씨제이이엔엠,2017-06-28,장편,한국,970,3357312530,470105,"1,117,674,930","152,609",액션,청소년관람불가,일반영화
아이덴티티,제임스 맨골드,콜럼비아트라이스타,2003-10-31,장편,미국,0,0,468817,0,"226,354",범죄,15세관람가,일반영화
적인걸: 측천무후의 비밀,서극,롯데쇼핑㈜롯데엔터테인먼트,2010-10-06,장편,중국,286,3399300731,468273,"1,072,773,500","140,934",액션,12세관람가,일반영화
페이스메이커,김달중,(주)시너지하우스 (시너지),2012-01-18,장편,한국,412,3443753000,467697,"1,074,184,000","139,734",드라마,12세관람가,일반영화
튜브,백운학,(주)튜브엔터테인먼트,2003-06-05,장편,한국,0,0,467570,0,"123,020",액션,15세관람가,일반영화
글래스,M. 나이트 샤말란,월트디즈니컴퍼니코리아 유한책임회사,2019-01-17,장편,미국,837,4277452982,466475,"1,422,916,782","148,074",드라마,15세관람가,일반영화
마담 뺑덕,임필성,(주)씨제이이엔엠,2014-10-02,장편,한국,536,3685882590,465749,"1,100,816,390","133,245",멜로/로맨스,청소년관람불가,일반영화
카 2,존 라세터,한국소니픽쳐스릴리징브에나비스타영화㈜,2011-07-20,장편,미국,379,3681142000,465607,"1,175,354,000","135,474",애니메이션,전체관람가,일반영화
사하라,브렉 에이즈너,(주)씨제이이엔엠,2005-06-24,장편,미국,0,0,465599,0,"144,019",액션,12세관람가,일반영화
너의 췌장을 먹고 싶어,츠키카와 쇼,(주)넥스트엔터테인먼트월드(NEW),2017-10-25,장편,일본,218,3705621800,465495,"1,048,442,800","128,547",드라마,12세관람가,독립/예술영화
순수의 시대,안상훈,(주)씨제이이엔엠,2015-03-05,장편,한국,546,3702353828,465492,"1,047,948,228","125,716",사극,청소년관람불가,일반영화
생텀,앨리스터 그리어슨,(주)시너지하우스 (시너지),2011-02-10,장편,미국,323,4825063000,464607,"1,576,162,500","141,082",어드벤처,15세관람가,일반영화
퍼블릭 에너미,마이클 만,기타,2009-08-12,장편,미국,292,3424720129,464076,"1,465,109,000","189,334",범죄,15세관람가,일반영화
파르나서스 박사의 상상극장,테리 길리엄,(주)성원아이컴,2009-12-23,장편,미국,305,3364788919,462999,"1,273,681,500","167,104",판타지,12세관람가,일반영화
유령신부(애니),"팀 버튼,마이크 존슨",워너브러더스 코리아(주),2005-11-03,장편,영국,0,0,462800,0,"210,664",애니메이션,전체관람가,일반영화
락아웃: 익스트림미션,"제임스 매더스,스테판 St. 레게르",롯데쇼핑㈜롯데엔터테인먼트,2012-06-14,장편,미국,374,3373780000,462176,"953,106,500","123,921",SF,15세관람가,일반영화
부그와 엘리엇(애니),로저 알러스,한국소니픽쳐스릴리징브에나비스타영화㈜,2007-01-04,장편,미국,0,0,460627,0,"86,427",애니메이션,전체관람가,일반영화
언스토퍼블,토니 스콧,이십세기폭스코리아(주),2010-11-10,장편,미국,309,3325136489,459535,"1,046,015,000","136,364",액션,12세관람가,일반영화
라이프,다니엘 에스피노사,소니픽쳐스엔터테인먼트코리아주식회사극장배급지점,2017-04-05,장편,미국,647,3786712210,459421,"1,188,643,810","139,729",SF,15세관람가,일반영화
화씨 911,마이클 무어,스튜디오플러스(주),2004-07-22,장편,미국,0,0,459404,0,"293,200",다큐멘터리,15세관람가,독립/예술영화
동네사람들,임진순,(주)리틀빅픽쳐스,2018-11-07,장편,한국,731,3797676112,459020,"709,340,562","82,070",액션,15세관람가,일반영화
세 얼간이,라즈쿠마르 히라니,필라멘트픽쳐스,2011-08-18,장편,기타,232,3352570500,458988,"1,491,279,000","195,629",코미디,12세관람가,독립/예술영화
늑대사냥,김홍선,TCO(주)더콘텐츠온,2022-09-21,장편,한국,1226,4769650393,458720,"1,122,268,787","108,341",액션,청소년관람불가,일반영화
더 리더: 책 읽어주는 남자,스티븐 달드리,(주)노바미디어,2009-03-26,장편,미국,242,2980253983,457343,"1,364,979,500","199,562",드라마,청소년관람불가,독립/예술영화
옹박 : 두번째 미션,프라챠 핀카엡,(주)쇼박스,2005-08-18,장편,기타,0,0,453530,0,"104,718",액션,15세관람가,일반영화
노브레싱,조용선,(주)나이너스엔터테인먼트,2013-10-30,장편,한국,584,2991824739,451669,"802,364,239","113,253",드라마,15세관람가,일반영화
원더풀 고스트,조원희,(주)제이앤씨미디어그룹,2018-09-26,장편,한국,351,3720931600,450374,"783,246,100","92,593",코미디,12세관람가,일반영화
브이 포 벤데타,제임스 맥티그,워너브러더스 코리아(주),2006-03-16,장편,미국,0,0,450200,0,"217,638",액션,15세관람가,일반영화
스파이 지니어스,"닉 브루노,트로이 콴",월트디즈니컴퍼니코리아 유한책임회사,2020-01-22,장편,미국,712,3689131180,449876,"987,127,600","112,433",애니메이션,전체관람가,일반영화
언더월드2 - 에볼루션,렌 와이즈먼,(주)쇼박스,2006-02-23,장편,미국,0,0,449407,0,"140,996",액션,청소년관람불가,일반영화
클라우드 아틀라스,"릴리 워쇼스키,라나 워쇼스키,톰 티크베어",(주)넥스트엔터테인먼트월드(NEW),2013-01-09,장편,미국,382,3383430227,449071,"1,351,448,227","173,379",SF,청소년관람불가,일반영화
히든 피겨스,데오도르 멜피,이십세기폭스코리아(주),2017-03-23,장편,미국,448,3576079033,448923,"1,591,867,433","194,719",드라마,12세관람가,일반영화
명탐정 코난:진홍의 연가,시즈노 코분,(주)씨제이이엔엠,2017-08-02,장편,일본,582,3255598200,448381,"770,592,800","102,460",애니메이션,12세관람가,일반영화
엠,이명세,(주)엠엔에프씨,2007-10-25,장편,한국,0,0,448350,0,"159,396",미스터리,15세관람가,독립/예술영화
대한민국 1%,조명남,롯데쇼핑㈜롯데엔터테인먼트,2010-05-05,장편,한국,287,2280762516,447569,"545,735,500","111,248",드라마,12세관람가,일반영화
뽀로로 극장판 드래곤캐슬 대모험,"강승훈,윤제완",(주)넥스트엔터테인먼트월드(NEW),2022-07-28,장편,한국,748,4189380075,447357,"616,513,176","62,640",애니메이션,전체관람가,일반영화
미션 파서블,김형주,(주)메리크리스마스,2021-02-17,장편,한국,930,4064099600,447048,"724,519,180","80,615",코미디,15세관람가,일반영화
빅쇼트,아담 맥케이,롯데쇼핑㈜롯데엔터테인먼트,2016-01-21,장편,미국,489,3622268707,446664,"1,786,531,309","215,870",드라마,청소년관람불가,일반영화
파라노말 액티비티,오렌 펠리,(주)넥스트엔터테인먼트월드(NEW),2010-01-13,장편,미국,187,3265135449,446510,"1,234,133,000","159,569",공포(호러),12세관람가,일반영화
반드시 잡는다,김홍선,(주)넥스트엔터테인먼트월드(NEW),2017-11-29,장편,한국,565,3324033772,446379,"794,998,472","102,380",스릴러,15세관람가,일반영화
뽀로로 극장판 컴퓨터 왕국 대모험,박영균,(주)넥스트엔터테인먼트월드(NEW),2015-12-10,장편,한국,544,3290582700,445014,"659,878,500","84,092",애니메이션,전체관람가,일반영화
헌츠맨: 윈터스 워,세딕 니콜라스 트로얀,유니버설픽쳐스인터내셔널 코리아(유),2016-04-13,장편,미국,557,3544262706,445009,"988,467,906","118,684",액션,12세관람가,일반영화
익스펜더블 2,사이먼 웨스트,롯데쇼핑㈜롯데엔터테인먼트,2012-09-06,장편,미국,393,3206144228,444045,"794,739,189","105,302",액션,15세관람가,일반영화
밀레니엄 : 여자를 증오한 남자들,데이빗 핀처,한국소니픽쳐스릴리징브에나비스타영화㈜,2012-01-11,장편,미국,321,3504509000,443889,"1,671,193,500","205,218",스릴러,청소년관람불가,일반영화
넘버23,조엘 슈마허,(주)미로비젼,2007-03-22,장편,미국,0,0,443464,0,"160,026",스릴러,15세관람가,일반영화
오감도,"허진호,오기환",(주)시너지하우스 (시너지),2009-07-09,옴니버스,한국,302,3107441952,443462,"1,080,324,500","144,583",드라마,청소년관람불가,일반영화
특송,박대민,(주)넥스트엔터테인먼트월드(NEW),2022-01-12,장편,한국,996,4172193200,443177,"941,899,070","104,032",범죄,15세관람가,일반영화
"울지마, 톤즈",구수환,주식회사 마운틴픽쳐스,2010-09-09,장편,한국,22,2529614776,441707,"1,084,744,000","174,478",다큐멘터리,전체관람가,독립/예술영화
작은 영웅 데스페로,"샘 펠,로버트 스티븐헤이겐",유니버설픽쳐스인터내셔널 코리아(유),2009-02-12,장편,미국,180,2549164359,441525,"591,203,500","96,337",애니메이션,전체관람가,일반영화
주온 2,시미즈 다카시,워너브러더스 코리아(주),2003-09-05,장편,일본,0,0,440000,0,"145,000",공포(호러),15세관람가,일반영화
10억,조민호,(주)싸이더스,2009-08-06,장편,한국,252,3142668973,438833,"919,393,500","120,650",스릴러,15세관람가,일반영화
호스티지,플로렝 에밀리오 시리,쇼이스트(주),2005-03-18,장편,미국,0,0,438516,0,"135,962",스릴러,15세관람가,일반영화
워리어스 웨이,이승무,에스케이텔레콤(주),2010-12-01,장편,미국,441,3134328730,437101,"883,586,000","117,792",액션,15세관람가,일반영화
야연,펑샤오강,롯데쇼핑㈜롯데엔터테인먼트,2006-09-21,장편,중국,0,0,436903,0,"147,878",사극,15세관람가,일반영화
감쪽같은 그녀,허인무,플러스엠 엔터테인먼트,2019-12-04,장편,한국,761,3377895790,436257,"658,294,480","83,166",드라마,전체관람가,일반영화
아기와 나,김진영,(주)프라임엔터테인먼트,2008-08-14,장편,한국,217,2667055000,435551,"539,965,500","84,298",드라마,12세관람가,일반영화
시즌 오브 더 위치: 마녀 호송단,도미닉 세나,(주)넥스트엔터테인먼트월드(NEW),2011-01-13,장편,미국,218,3277434500,435201,"936,385,500","118,501",어드벤처,15세관람가,일반영화
누가 그녀와 잤을까?,김유성,(주)씨제이이엔엠,2006-11-16,장편,한국,0,0,434877,0,"95,478",코미디,15세관람가,일반영화
원라인,양경모,(주)넥스트엔터테인먼트월드(NEW),2017-03-29,장편,한국,613,3310122433,433825,"807,184,333","101,624",범죄,15세관람가,일반영화
갈갈이 패밀리와 드라큐라,"남기남,정창욱",영화사청어람(주),2003-08-01,장편,한국,0,0,432999,0,"74,564",코미디,전체관람가,일반영화
쏘우 3,대런 린 보우즈만,롯데쇼핑㈜롯데엔터테인먼트,2006-11-30,장편,미국,0,0,432876,0,"131,360",공포(호러),청소년관람불가,일반영화
신비아파트 극장판 차원도깨비와 7개의 세계,변영규,(주)씨제이이엔엠,2022-12-14,장편,한국,665,4126175171,431894,"577,146,904","58,410",애니메이션,전체관람가,일반영화
이웃사촌,이환경,(주)리틀빅픽쳐스,2020-11-25,장편,한국,1363,3709121750,431559,"776,669,000","91,435",드라마,12세관람가,일반영화
마법에 걸린 사랑,케빈 리마,한국소니픽쳐스릴리징브에나비스타영화㈜,2008-01-10,장편,미국,247,2747631000,431376,"1,215,109,000","181,961",멜로/로맨스,전체관람가,일반영화
"협녀, 칼의 기억",박흥식,롯데쇼핑㈜롯데엔터테인먼트,2015-08-13,장편,한국,572,3360045489,431310,"999,537,689","123,013",사극,15세관람가,일반영화
그린 북,피터 패럴리,CGV아트하우스,2019-01-09,장편,미국,398,3603268560,429733,"1,945,643,390","229,903",드라마,12세관람가,독립/예술영화
터닝메카드W: 블랙미러의 부활,"홍헌표,김석원",(주)키다리이엔티,2017-01-18,장편,한국,570,3213263000,429569,"676,764,500","86,626",애니메이션,전체관람가,독립/예술영화
잔혹한 출근,김태윤,(주)씨제이이엔엠,2006-11-02,장편,한국,0,0,429546,0,"97,148",코미디,15세관람가,일반영화
창수,이덕희,(주)마인스 엔터테인먼트,2013-11-28,장편,한국,415,3146542000,429141,"740,934,000","96,526",드라마,청소년관람불가,일반영화
랭고,고어 버빈스키,(주)씨제이이엔엠,2011-03-03,장편,미국,314,3039396000,428896,"1,022,909,000","135,829",애니메이션,전체관람가,일반영화
오피스,홍원찬,(주)리틀빅픽쳐스,2015-09-03,장편,한국,425,3354086230,428429,"801,709,530","97,876",스릴러,15세관람가,일반영화
세상의 중심에서 사랑을 외치다,유키사다 이사오,(주)동아수출공사,2004-10-08,장편,일본,0,0,428202,0,"182,607",멜로/로맨스,12세관람가,일반영화
모비딕,박인제,(주)쇼박스,2011-06-09,장편,한국,377,3246572000,428139,"1,086,129,500","135,442",스릴러,15세관람가,일반영화
장난스런 키스,프랭키 첸,오드,2019-03-27,장편,기타,532,3501463050,428009,"955,732,990","112,053",멜로/로맨스,12세관람가,독립/예술영화
스머프: 비밀의 숲,캘리 애스버리,소니픽쳐스엔터테인먼트코리아주식회사극장배급지점,2017-04-28,장편,미국,607,3122661000,427764,"633,690,100","83,429",애니메이션,전체관람가,일반영화
리딕 - 헬리온 최후의 빛,데이빗 토히,(주)씨제이이엔엠,2004-08-13,장편,미국,0,0,427154,0,"295,772",SF,12세관람가,일반영화
쏘우 2,대런 린 보우즈만,(주)미로비젼,2006-02-16,장편,미국,0,0,426650,0,"139,670",공포(호러),청소년관람불가,일반영화
두 개의 달,김동빈,롯데쇼핑㈜롯데엔터테인먼트,2012-07-12,장편,한국,347,2944786748,425972,"605,667,102","83,100",공포(호러),15세관람가,일반영화
나를 잊지 말아요,이윤정,(주)씨제이이엔엠,2016-01-07,장편,한국,559,3398915000,425799,"980,935,100","117,670",멜로/로맨스,15세관람가,일반영화
드래곤볼 에볼루션,제임스 왕,이십세기폭스코리아(주),2009-03-12,장편,미국,278,2695732696,425571,"629,870,000","93,670",액션,전체관람가,일반영화
월드 오브 투모로우,케리 코란,(주)쇼박스,2005-01-14,장편,미국,0,0,424551,0,"122,474",SF,전체관람가,일반영화
로망스,문승욱,(주)씨제이이엔엠,2006-03-16,장편,한국,0,0,424514,0,"106,261",멜로/로맨스,청소년관람불가,일반영화
다이버전트,닐 버거,롯데쇼핑㈜롯데엔터테인먼트,2014-04-16,장편,미국,511,3297709011,424041,"1,056,211,911","129,527",SF,15세관람가,일반영화
티끌모아 로맨스,김정환,필라멘트픽쳐스,2011-11-10,장편,한국,294,2942253500,424002,"755,646,500","101,133",멜로/로맨스,15세관람가,일반영화
뉴 폴리스 스토리,진목승,(유)영화사 화수분,2005-01-21,장편,기타,0,0,423487,0,"87,332",액션,15세관람가,일반영화
신이 보낸 사람,김진무,주식회사 마운틴픽쳐스,2014-02-13,장편,한국,285,3059228600,423026,"823,931,500","111,391",드라마,15세관람가,독립/예술영화
기다리다 미쳐,류승진,(주)시네마서비스,2008-01-01,장편,한국,239,2725342667,422363,"724,091,167","105,705",멜로/로맨스,15세관람가,일반영화
우리 방금 결혼했어요,숀 레비,이십세기폭스필름코퍼레이션,2003-03-07,장편,미국,0,0,420000,0,"166,250",멜로/로맨스,15세관람가,일반영화
뚝방전설,조범구,(주)쇼박스,2006-09-07,장편,한국,0,0,418445,0,"101,088",액션,청소년관람불가,일반영화
더 수어사이드 스쿼드,제임스 건,워너브러더스 코리아(주),2021-08-04,장편,미국,1066,4382670930,418281,"1,356,592,110","126,091",액션,청소년관람불가,일반영화
온워드: 단 하루의 기적,댄 스캔론,월트디즈니컴퍼니코리아 유한책임회사,2020-06-17,장편,미국,1138,3581335060,416739,"1,108,737,520","122,318",애니메이션,전체관람가,일반영화
니 부모 얼굴이 보고 싶다,김지훈,(주)마인드마크,2022-04-27,장편,한국,1008,3948625280,416374,"913,708,940","98,153",드라마,15세관람가,일반영화
흥부: 글로 세상을 바꾼 자,조근현,롯데쇼핑㈜롯데엔터테인먼트,2018-02-14,장편,한국,627,3381050200,416303,"886,785,300","107,570",사극,12세관람가,일반영화
놉,조던 필,유니버설픽쳐스인터내셔널 코리아(유),2022-08-17,장편,미국,1031,4709541135,415969,"1,994,749,630","168,031",미스터리,12세관람가,일반영화
무뢰한,오승욱,CGV아트하우스,2015-05-27,장편,한국,482,3262087431,414626,"1,116,340,931","136,987",멜로/로맨스,청소년관람불가,일반영화
늑대소년-확장판,조성희,(주)씨제이이엔엠,2012-12-06,장편,한국,278,2868302500,414083,"767,129,500","105,940",멜로/로맨스,15세관람가,일반영화
미스터 주부퀴즈왕,유선동,(주)쇼박스,2005-09-30,장편,한국,0,0,413157,0,"131,179",코미디,12세관람가,일반영화
해피 데스데이 2 유,크리스토퍼 랜던,유니버설픽쳐스인터내셔널 코리아(유),2019-02-14,장편,미국,657,3437809200,412850,"942,294,620","110,636",공포(호러),15세관람가,일반영화
킹 아서: 제왕의 검,가이 리치,워너브러더스 코리아(주),2017-05-17,장편,영국,588,3348220655,412843,"953,887,855","113,292",판타지,12세관람가,일반영화
리멤버,이일형,(주)에이스메이커무비웍스,2022-10-26,장편,한국,1189,3970165717,412836,"1,037,751,573","104,904",드라마,15세관람가,일반영화
스텝 업,앤 플레쳐,㈜스튜디오이쩜영,2006-11-23,장편,미국,0,0,411858,0,"149,027",멜로/로맨스,12세관람가,일반영화
주온 : 끝의 시작,오치아이 마사유키,(주)넥스트엔터테인먼트월드(NEW),2014-07-16,장편,일본,394,3071127231,410644,"695,266,031","88,552",공포(호러),15세관람가,일반영화
극장판 공룡메카드: 타이니소어의 섬,"최신규,유재운",(주)넥스트엔터테인먼트월드(NEW),2019-01-10,장편,한국,763,3140214420,410131,"535,720,640","66,881",애니메이션,전체관람가,일반영화
러빙 빈센트,"도로타 코비엘라,휴 웰치맨",(주)스튜디오디에이치엘,2017-11-09,장편,영국,272,3252392261,408322,"1,739,794,961","212,631",애니메이션,15세관람가,독립/예술영화
넛잡 2,캘런 브런커,롯데쇼핑㈜롯데엔터테인먼트,2017-10-03,장편,한국,526,3038945100,407727,"513,530,500","66,475",애니메이션,전체관람가,일반영화
니코: 산타비행단의 모험,"캐리 주스넌,요르겐 레르담",씨너스엔터테인먼트(주),2012-12-25,장편,기타,306,2786834000,407264,"630,429,500","88,120",애니메이션,전체관람가,일반영화
BB프로젝트,진목승,브에나비스타인터내셔널코리아,2006-09-28,장편,기타,0,0,406558,0,"98,873",액션,12세관람가,일반영화
"사랑해, 말순씨",박흥식,쇼이스트(주),2005-11-03,장편,한국,0,0,406526,0,"112,939",드라마,12세관람가,일반영화
나의 소녀시대,프랭키 첸,오드,2016-05-12,장편,기타,176,3292020500,406284,"1,109,174,800","134,427",멜로/로맨스,15세관람가,독립/예술영화
섹스 앤 더 시티 2,마이클 패트릭 킹,워너브러더스 코리아(주),2010-06-10,장편,미국,238,3074026799,405580,"1,683,672,000","214,021",드라마,청소년관람불가,일반영화
좋은 친구들,이도윤,(주)씨제이이엔엠,2014-07-10,장편,한국,371,3201527031,404456,"869,573,831","104,800",범죄,청소년관람불가,일반영화
소리도 없이,홍의정,(주)에이스메이커무비웍스,2020-10-15,장편,한국,1084,3558023900,403326,"843,075,990","93,396",범죄,15세관람가,일반영화
전설의 고향,김지환,(주)프라임엔터테인먼트,2007-05-23,장편,한국,0,0,402117,0,"86,338",공포(호러),12세관람가,일반영화
아메리칸 메이드,더그 라이만,유니버설픽쳐스인터내셔널 코리아(유),2017-09-14,장편,미국,691,3175539145,401541,"932,267,045","114,257",범죄,15세관람가,일반영화
아스트로 보이-아톰의 귀환,데이빗 보워스,㈜케이디미디어,2010-01-13,장편,미국,285,2640270821,401477,"642,250,500","91,867",애니메이션,전체관람가,일반영화
버즈 오브 프레이(할리 퀸의 황홀한 해방),캐시 얀,워너브러더스 코리아(주),2020-02-05,장편,미국,963,3548999190,401411,"1,138,747,780","122,787",액션,15세관람가,일반영화
옹박 - 무에타이의 후예,프라챠 핀카엡,(주)쇼박스,2004-05-26,장편,기타,0,0,400958,0,"109,049",액션,15세관람가,일반영화
닌자터틀,조나단 리브스만,(주)씨제이이엔엠,2014-08-28,장편,미국,479,3321120147,400329,"1,078,017,647","120,563",액션,12세관람가,일반영화
판타스틱 4,조쉬 트랭크,이십세기폭스코리아(주),2015-08-20,장편,미국,451,3029310600,399667,"820,859,100","103,173",액션,12세관람가,일반영화
스위치,마대윤,롯데컬처웍스(주)롯데엔터테인먼트,2023-01-04,장편,한국,912,3791464810,398964,"977,792,939","103,811",기타,12세관람가,일반영화
비와 당신의 이야기,조진모,소니픽쳐스엔터테인먼트코리아주식회사극장배급지점,2021-04-28,장편,한국,957,3634766350,398580,"1,147,542,800","128,739",드라마,전체관람가,일반영화
익스펜더블,실베스터 스탤론,(주)싸이더스,2010-08-19,장편,미국,256,3025538174,398097,"986,171,000","123,723",스릴러,청소년관람불가,일반영화
뜨거운 피,천명관,(주)스튜디오디에이치엘,2022-03-23,장편,한국,1279,3782750970,398090,"882,288,910","95,533",범죄,15세관람가,일반영화
사랑이 무서워,정우철,롯데쇼핑㈜롯데엔터테인먼트,2011-03-10,장편,한국,290,2992783000,397923,"706,539,500","88,089",코미디,15세관람가,일반영화
도마뱀,강지은,(주)시네마서비스,2006-04-27,장편,한국,0,0,397913,0,"144,847",멜로/로맨스,12세관람가,일반영화
몬스터 패밀리,호거 태프,(주)키다리이엔티,2017-12-21,장편,독일,617,2941183700,397633,"545,562,900","69,798",애니메이션,전체관람가,일반영화
무간도,"유위강,맥조휘",(주)디스테이션,2003-02-21,장편,기타,0,0,397448,0,"157,349",액션,청소년관람불가,독립/예술영화
명탐정 코난 : 이차원의 저격수,시즈노 코분,(주)씨제이이엔엠,2014-08-06,장편,일본,299,2757396000,397381,"596,923,300","83,779",애니메이션,12세관람가,일반영화
날아라 허동구,박규태,(주)쇼박스,2007-04-26,장편,한국,0,0,396811,0,"111,265",가족,전체관람가,일반영화
집행자,최진호,(주)스폰지이엔티,2009-11-05,장편,한국,264,2961477652,395865,"828,353,500","105,438",드라마,청소년관람불가,독립/예술영화
파이널 데스티네이션,제임스 왕,(주)미로비젼,2006-05-11,장편,미국,0,0,395755,0,"156,859",공포(호러),청소년관람불가,일반영화
명탐정 코난 : 제로의 집행인,타치카와 유즈루,(주)씨제이이엔엠,2018-08-08,장편,일본,542,3007522361,395408,"701,649,561","88,325",애니메이션,12세관람가,일반영화
더 독,루이스 리테리어,(주)아펙스 엔터테인먼트,2005-09-16,장편,프랑스,0,0,395000,0,"55,922",액션,15세관람가,일반영화
모노폴리,이항배,롯데쇼핑㈜롯데엔터테인먼트,2006-06-01,장편,한국,0,0,394935,0,"109,699",범죄,15세관람가,일반영화
천년호,이광훈,(주)시네마서비스,2003-11-28,장편,한국,0,0,393962,0,"101,478",멜로/로맨스,15세관람가,일반영화
헬보이 2 : 골든 아미,길예르모 델 토로,유니버설픽쳐스인터내셔널 코리아(유),2008-09-25,장편,미국,279,2522851500,391513,"706,767,500","102,531",SF,12세관람가,일반영화
멋진 하루,이윤기,롯데쇼핑㈜롯데엔터테인먼트,2008-09-25,장편,한국,299,2554838451,390741,"1,174,680,667","168,110",드라마,12세관람가,독립/예술영화
배드 가이즈,피에르 페리펠,유니버설픽쳐스인터내셔널 코리아(유),2022-05-04,장편,미국,844,3680403970,390455,"788,761,100","81,590",애니메이션,전체관람가,일반영화
명탐정 코난 : 수평선상의 음모,야마모토 야스이치로,(주)씨제이이엔엠,2013-08-07,장편,일본,316,2460173000,389253,"417,563,500","63,735",애니메이션,12세관람가,일반영화
월래스와 그로밋 : 거대토끼의 저주,"닉 파크,스티브 박스",(주)씨제이이엔엠,2005-11-04,장편,영국,0,0,388499,0,"138,893",애니메이션,전체관람가,일반영화
피터 래빗,윌 글럭,소니픽쳐스엔터테인먼트코리아주식회사극장배급지점,2018-05-16,장편,미국,599,3006258100,388300,"598,557,400","74,077",애니메이션,전체관람가,일반영화
론 레인저,고어 버빈스키,소니픽쳐스릴리징월트디즈니스튜디오스코리아(주),2013-07-04,장편,미국,401,2750149500,387527,"981,855,500","134,579",액션,15세관람가,일반영화
내 심장을 쏴라,문제용,(주)리틀빅픽쳐스,2015-01-28,장편,한국,452,2856859132,387409,"602,511,932","79,237",드라마,15세관람가,일반영화
제미니 맨,이안,롯데컬처웍스(주)롯데엔터테인먼트,2019-10-09,장편,미국,845,3295969230,387342,"956,421,180","107,352",액션,12세관람가,일반영화
나의 독재자,이해준,롯데쇼핑㈜롯데엔터테인먼트,2014-10-30,장편,한국,654,2906692546,385934,"882,787,046","111,369",드라마,15세관람가,일반영화
명장,진가신,롯데쇼핑㈜롯데엔터테인먼트,2008-01-30,장편,중국,236,2559950500,385841,"819,307,000","116,731",액션,청소년관람불가,일반영화
천재 강아지 미스터 피바디,롭 민코프,(주)씨제이이엔엠,2014-04-24,장편,미국,533,2859791400,385552,"752,045,900","96,612",애니메이션,전체관람가,일반영화
서복,이용주,(주)씨제이이엔엠,2021-04-15,장편,한국,1382,3627302450,385284,"988,210,650","104,995",드라마,15세관람가,일반영화
킬러의 보디가드 2,패트릭 휴즈,TCO(주)더콘텐츠온,2021-06-23,장편,미국,975,3769396180,384997,"1,198,626,740","121,534",액션,청소년관람불가,일반영화
럭키 넘버 슬레븐,폴 맥기건,롯데쇼핑㈜롯데엔터테인먼트,2006-06-22,장편,미국,0,0,384790,0,"132,654",스릴러,청소년관람불가,일반영화
언더 워터,자움 콜렛 세라,유니버설픽쳐스인터내셔널 코리아(유),2016-07-13,장편,미국,518,3111772391,384789,"722,677,691","87,120",공포(호러),15세관람가,일반영화
크로니클,조쉬 트랭크,이십세기폭스코리아(주),2012-03-15,장편,미국,324,2881024000,383862,"945,721,500","120,118",액션,15세관람가,일반영화
신석기 블루스,김도혁,(주)쇼박스,2004-12-30,장편,한국,0,0,383674,0,"82,348",코미디,15세관람가,일반영화
사랑의 레시피,스콧 힉스,워너브러더스 코리아(주),2007-08-30,장편,미국,0,0,383655,0,"195,222",멜로/로맨스,전체관람가,일반영화
보통사람,김봉한,오퍼스픽쳐스(유),2017-03-23,장편,한국,621,2956397623,383336,"736,134,723","92,067",드라마,15세관람가,일반영화
소수의견,김성제,(주)시네마서비스,2015-06-24,장편,한국,398,2891431205,383332,"998,799,305","128,825",드라마,15세관람가,일반영화
트론: 새로운 시작,조셉 코신스키,한국소니픽쳐스릴리징브에나비스타영화㈜,2010-12-29,장편,미국,379,4258700247,382607,"1,878,516,000","161,218",SF,12세관람가,일반영화
싸움,한지승,(주)시네마서비스,2007-12-12,장편,한국,0,0,382422,0,"121,487",멜로/로맨스,15세관람가,일반영화
내 이름은 칸,카란 조하르,필라멘트픽쳐스,2011-03-24,장편,기타,84,2820922500,381243,"1,210,673,500","157,628",드라마,12세관람가,독립/예술영화
대장 김창수,이원태,(주)키다리이엔티,2017-10-19,장편,한국,748,2871905115,380581,"740,794,715","93,920",드라마,12세관람가,일반영화
클릭,프랭크 코라치,한국소니픽쳐스릴리징브에나비스타영화㈜,2007-02-01,장편,미국,0,0,379377,0,"142,253",코미디,12세관람가,일반영화
스토커,박찬욱,이십세기폭스코리아(주),2013-02-28,장편,미국,329,2828301674,378729,"1,259,351,674","163,582",드라마,청소년관람불가,일반영화
착신아리2,츠카모토 렌페이,(주)씨제이이엔엠,2005-04-29,장편,일본,0,0,378520,0,"67,604",공포(호러),15세관람가,일반영화
공자 춘추전국시대,후메이,(주)시너지하우스 (시너지),2010-02-11,장편,중국,243,2819298799,377801,"811,821,000","103,188",드라마,12세관람가,일반영화
고스트 라이더,마크 스티븐 존슨,한국소니픽쳐스릴리징브에나비스타영화㈜,2007-04-12,장편,미국,0,0,376333,0,"109,772",액션,15세관람가,일반영화
프롬 파리 위드 러브,피에르 모렐,㈜케이디미디어,2010-03-11,장편,프랑스,300,2850441248,375573,"944,127,500","118,230",액션,청소년관람불가,일반영화
폴라 익스프레스,로버트 저메키스,워너브러더스 코리아(주),2004-12-23,장편,미국,0,0,374400,0,"202,000",애니메이션,전체관람가,일반영화
컨트롤러,조지 놀피,유니버설픽쳐스인터내셔널 코리아(유),2011-03-03,장편,미국,371,2862234500,373344,"1,181,928,000","147,607",스릴러,12세관람가,일반영화
루카,엔리코 카사로사,월트디즈니컴퍼니코리아 유한책임회사,2021-06-17,장편,미국,856,3393832110,371572,"944,322,160","98,079",애니메이션,전체관람가,일반영화
언더월드,렌 와이즈먼,(주)쇼박스,2003-09-25,장편,미국,0,0,370212,0,"128,233",공포(호러),청소년관람불가,일반영화
월드 트레이드 센터,올리버 스톤,UIP코리아,2006-10-15,장편,미국,0,0,369000,0,"134,198",드라마,12세관람가,일반영화
눈의 여왕 3: 눈과 불의 마법대결,알렉세이 트시칠린,(주)이수C&E,2017-01-04,장편,기타,526,2694247700,366442,"433,186,900","54,862",애니메이션,전체관람가,독립/예술영화
극장판 포켓 몬스터 DP 「환영의 패왕 조로아크」,유야마 쿠니히코,씨제이 씨지브이(CJ CGV)(주),2010-12-23,장편,일본,140,2557477869,366277,"768,747,000","107,618",애니메이션,전체관람가,일반영화
쏜다,박정우,(주)쇼박스,2007-03-14,장편,한국,0,0,365684,0,"78,756",코미디,15세관람가,일반영화
마들렌,박광춘,(주)시네마서비스,2003-01-10,장편,한국,0,0,365656,0,"146,482",드라마,15세관람가,일반영화
문프린세스 : 문에이커의 비밀,가버 추보,(주)성원아이컴,2009-02-19,장편,영국,262,2260376662,365525,"634,983,000","97,231",어드벤처,전체관람가,일반영화
더 링,고어 버빈스키,(주)씨제이이엔엠,2003-01-10,장편,미국,0,0,365518,0,"126,807",공포(호러),15세관람가,일반영화
그레이의 50가지 그림자,샘 테일러-존슨,유니버설픽쳐스인터내셔널 코리아(유),2015-02-26,장편,미국,512,2918598796,364415,"1,201,564,996","145,292",드라마,청소년관람불가,일반영화
파라노말 액티비티 2,"서동욱,토드 윌리엄스",(주)씨제이이엔엠,2010-10-21,장편,미국,177,2616761211,364251,"843,504,500","111,915",공포(호러),12세관람가,독립/예술영화
에브리씽 에브리웨어 올 앳 원스,"다니엘 콴,다니엘 쉐이너트",워터홀컴퍼니(주),2022-10-12,장편,미국,620,3853187329,363431,"2,257,697,210","209,069",액션,15세관람가,독립/예술영화
레드 라이딩 후드,캐서린 하드윅,워너브러더스 코리아(주),2011-03-17,장편,미국,249,2728562500,362572,"1,032,181,500","131,108",드라마,15세관람가,일반영화
투 윅스 노티스,마크 로렌스,워너브러더스 코리아(주),2003-02-14,장편,미국,0,0,362000,0,"195,000",멜로/로맨스,전체관람가,일반영화
강적,조민호,(주)쇼박스,2006-06-22,장편,한국,0,0,361155,0,"103,669",액션,15세관람가,일반영화
펠햄 123,토니 스콧,한국소니픽쳐스릴리징브에나비스타영화㈜,2009-06-11,장편,미국,241,2415075136,360661,"1,023,511,000","145,905",액션,15세관람가,일반영화
무인 곽원갑,우인태,쇼이스트(주),2006-03-23,장편,중국,0,0,360630,0,"72,654",액션,12세관람가,독립/예술영화
홈,팀 존슨,(주)씨제이이엔엠,2015-05-21,장편,미국,532,2692225691,360556,"649,663,691","83,379",애니메이션,전체관람가,일반영화
블라인드 사이드,존 리 행콕,워너브러더스 코리아(주),2010-04-15,장편,미국,132,2643699147,359899,"1,313,335,000","172,111",드라마,12세관람가,독립/예술영화
극장판 포켓몬스터 베스트 위시「비크티니와 백의 영웅 레시라무」,유야마 쿠니히코,(주)씨제이이엔엠,2011-12-22,장편,일본,237,2382820000,359663,"510,216,500","73,338",애니메이션,전체관람가,일반영화
고질라: 킹 오브 몬스터,마이클 도허티,워너브러더스 코리아(주),2019-05-29,장편,미국,923,3085036318,359041,"869,712,348","88,798",액션,12세관람가,일반영화
환생,시미즈 다카시,(주)쇼박스,2006-06-08,장편,일본,0,0,358591,0,"89,806",공포(호러),15세관람가,일반영화
크리스마스 캐롤,로버트 저메키스,한국소니픽쳐스릴리징브에나비스타영화㈜,2009-11-26,장편,미국,173,2703851150,358286,"1,267,721,000","152,012",애니메이션,전체관람가,일반영화
데스노트 L: 새로운 시작,나카타 히데오,(주)엔케이컨텐츠,2008-02-21,장편,일본,243,2174665500,358046,"546,124,000","84,691",스릴러,15세관람가,일반영화
클로버필드 10번지,댄 트라첸버그,롯데쇼핑㈜롯데엔터테인먼트,2016-04-07,장편,미국,575,2922834655,356976,"1,056,740,255","124,309",미스터리,15세관람가,일반영화
어바웃 러브,존 헤이,(주)튜브엔터테인먼트,2005-04-21,장편,영국,0,0,356638,0,"157,434",드라마,15세관람가,일반영화
경성학교: 사라진 소녀들,이해영,롯데쇼핑㈜롯데엔터테인먼트,2015-06-18,장편,한국,489,2749027700,356342,"726,924,400","90,270",미스터리,15세관람가,일반영화
씬 시티,"프랭크 밀러,쿠엔틴 타란티노",쇼이스트(주),2005-06-30,장편,미국,0,0,356183,0,"142,856",범죄,청소년관람불가,일반영화
더 캣,보 웰치,(주)씨제이이엔엠,2003-12-31,장편,미국,0,0,356143,0,"123,097",판타지,전체관람가,일반영화
어쌔신 크리드,저스틴 커젤,이십세기폭스코리아(주),2017-01-11,장편,미국,566,2899784921,355913,"763,791,621","90,313",액션,15세관람가,일반영화
플립,롭 라이너,(주)팝엔터테인먼트,2017-07-12,장편,미국,249,2818791900,354601,"1,025,482,700","123,030",드라마,12세관람가,일반영화
극장판 짱구는 못말려: 아뵤! 쿵후 보이즈 ~라면 대란~,타카하시 와타루,(주)씨제이이엔엠,2018-12-19,장편,일본,489,2735399650,353012,"383,636,800","47,840",애니메이션,전체관람가,일반영화
브라더 베어,"애론 블레이즈,로버트 워커",한국소니픽쳐스릴리징브에나비스타영화㈜,2004-01-16,장편,미국,0,0,352691,0,"118,339",드라마,전체관람가,일반영화
아홉살 인생,윤인호,(주)시네마서비스,2004-03-26,장편,한국,0,0,352182,0,"129,800",드라마,전체관람가,독립/예술영화
원초적 본능 2,"프레드 올렌 레이,마이클 카튼-존스",(주)시네마서비스,2006-03-30,장편,미국,0,0,351882,0,"110,726",스릴러,청소년관람불가,일반영화
석조저택 살인사건,"정식,김휘",(주)키다리이엔티,2017-05-09,장편,한국,539,2815742886,351830,"765,636,486","92,471",스릴러,15세관람가,일반영화
커플즈,정용기,(주)싸이더스,2011-11-02,장편,한국,387,2646578500,351779,"891,317,000","112,135",멜로/로맨스,15세관람가,일반영화
미드나잇 인 파리,우디 알렌,(주)디스테이션,2012-07-05,장편,미국,189,2607349898,351555,"1,708,472,362","224,023",코미디,15세관람가,독립/예술영화
나이트 플라이트,웨스 크레이븐,(주)씨제이이엔엠,2005-09-09,장편,미국,0,0,351518,0,"139,999",스릴러,15세관람가,일반영화
싱글라이더,이주영,워너브러더스 코리아(주),2017-02-22,장편,한국,576,2685519021,351276,"945,782,821","119,087",드라마,15세관람가,일반영화
오! 문희,정세교,CGV아트하우스,2020-09-02,장편,한국,1110,2798758600,351162,"591,354,210","73,973",코미디,12세관람가,일반영화
그녀,스파이크 존즈,주식회사 더쿱,2014-05-22,장편,미국,168,2861230000,351091,"1,876,008,600","227,358",드라마,청소년관람불가,독립/예술영화
오즈 그레이트 앤드 파워풀,샘 레이미,소니픽쳐스릴리징월트디즈니스튜디오스코리아(주),2013-03-07,장편,미국,425,2886185000,350563,"1,059,535,000","117,879",판타지,전체관람가,일반영화
열한번째 엄마,김진성,(주)쇼박스,2007-11-29,장편,한국,0,0,350204,0,"81,433",드라마,12세관람가,일반영화
킬빌,쿠엔틴 타란티노,(주)씨제이이엔엠,2003-11-21,장편,미국,0,0,349699,0,"46,076",액션,청소년관람불가,일반영화
극장판 포켓몬스터 베스트위시「큐레무 VS 성검사 케르디오」,유야마 쿠니히코,(주)씨제이이엔엠,2012-12-19,장편,일본,275,1357449750,348883,"301,172,000","73,999",애니메이션,전체관람가,일반영화
해프닝,M. 나이트 샤말란,이십세기폭스코리아(주),2008-06-12,장편,미국,244,2366614500,348772,"892,238,000","124,918",SF,청소년관람불가,일반영화
7호실,이용승,롯데쇼핑㈜롯데엔터테인먼트,2017-11-15,장편,한국,629,2677284639,347790,"784,052,239","98,086",코미디,15세관람가,일반영화
셔터,팍품 웡품,(주)씨제이이엔엠,2005-06-30,장편,기타,0,0,347141,0,"81,501",공포(호러),15세관람가,일반영화
치외법권,신동엽,판씨네마(주),2015-08-27,장편,한국,446,2664941005,346483,"586,388,005","72,126",액션,15세관람가,일반영화
짱구는 못말려 극장판 : 초시공! 태풍을 부르는 나의 신부,시기노 아키라,(주)씨제이이엔엠,2011-05-05,장편,일본,306,2319696500,346441,"490,556,000","70,279",애니메이션,전체관람가,일반영화
상견니,황천인,오드,2023-01-25,장편,기타,699,3448213338,346265,"1,163,025,181","113,948",드라마,15세관람가,일반영화
썸,장윤현,(주)시네마서비스,2004-10-22,장편,한국,0,0,346000,0,"102,894",스릴러,15세관람가,일반영화
덤보,팀 버튼,월트디즈니컴퍼니코리아 유한책임회사,2019-03-27,장편,미국,797,2775096512,345521,"907,932,642","105,909",가족,전체관람가,일반영화
링컨: 뱀파이어 헌터,티무르 베크맘베토브,이십세기폭스코리아(주),2012-08-30,장편,미국,337,2750911500,344876,"921,542,500","108,920",액션,청소년관람불가,일반영화
플러쉬,"데이빗 보워스,데이비드 보,샘 펠",(주)씨제이이엔엠,2006-11-23,장편,미국,0,0,344837,0,"82,137",애니메이션,전체관람가,일반영화
아메리칸 스나이퍼,클린트 이스트우드,워너브러더스 코리아(주),2015-01-14,장편,미국,308,2800001438,344766,"1,052,863,738","126,890",액션,청소년관람불가,일반영화
버즈 라이트이어,앵거스 맥클레인,월트디즈니컴퍼니코리아 유한책임회사,2022-06-15,장편,미국,844,3509742460,344438,"1,212,959,250","110,800",애니메이션,전체관람가,일반영화
포켓 몬스터 DP: 아르세우스 초극의 시공으로,유야마 쿠니히코,실버스푼,2009-12-24,장편,일본,79,2276651793,343268,"554,339,500","81,699",애니메이션,전체관람가,일반영화
탄생,박흥식,씨제이 씨지브이(CJ CGV)(주),2022-11-30,장편,한국,670,3091861237,342694,"849,360,301","93,711",드라마,12세관람가,일반영화
동승,주경중,영화사청어람(주),2003-04-11,장편,한국,0,0,342586,0,"100,287",드라마,전체관람가,독립/예술영화
러브 유어셀프 인 서울,기타,씨제이 씨지브이(CJ CGV)(주),2019-01-26,장편,한국,224,3209682900,342366,"1,090,468,000","112,697",공연,전체관람가,일반영화
나두야 간다,정연원,롯데쇼핑㈜롯데시네마,2004-06-25,장편,한국,0,0,342300,0,"52,000",코미디,15세관람가,일반영화
숲속으로,롭 마샬,월트디즈니컴퍼니코리아(주),2014-12-24,장편,미국,356,2596533288,341882,"991,696,988","126,865",뮤지컬,전체관람가,일반영화
브로크백 마운틴,이안,유니버설픽쳐스인터내셔널 코리아(유),2006-03-01,장편,미국,0,0,341242,0,"184,123",드라마,15세관람가,독립/예술영화
자산어보,이준익,플러스엠 엔터테인먼트,2021-03-31,장편,한국,1250,3006620490,340574,"939,559,950","106,182",사극,12세관람가,일반영화
하이힐,장진,롯데쇼핑㈜롯데엔터테인먼트,2014-06-03,장편,한국,385,2735972500,339844,"789,047,000","94,895",범죄,청소년관람불가,일반영화
인형사,정용기,롯데쇼핑㈜롯데시네마,2004-07-30,장편,한국,0,0,339038,0,"55,000",공포(호러),15세관람가,일반영화
음치 클리닉,김진영,롯데쇼핑㈜롯데엔터테인먼트,2012-11-29,장편,한국,360,2248238000,338168,"629,586,000","93,656",멜로/로맨스,12세관람가,일반영화
맨발의 꿈,김태균,(주)쇼박스,2010-06-24,장편,한국,333,2413427097,338080,"739,154,500","99,528",드라마,전체관람가,일반영화
레전드 오브 조로,마틴 캠벨,소니픽쳐스릴리징코리아,2005-10-28,장편,미국,0,0,337213,0,"114,707",액션,12세관람가,일반영화
허스토리,민규동,(주)넥스트엔터테인먼트월드(NEW),2018-06-27,장편,한국,696,2521025949,336822,"774,252,049","101,169",드라마,12세관람가,일반영화
바스터즈: 거친 녀석들,쿠엔틴 타란티노,유니버설픽쳐스인터내셔널 코리아(유),2009-10-28,장편,미국,257,2547650425,336312,"1,091,164,000","138,504",액션,청소년관람불가,일반영화
브링 더 소울 : 더 무비,박준수,CGV ICECON,2019-08-07,장편,한국,569,2902500310,336074,"952,482,010","102,179",기타,전체관람가,일반영화
그해 여름,조근식,(주)쇼박스,2006-11-30,장편,한국,0,0,336065,0,"107,774",멜로/로맨스,12세관람가,일반영화
패딩턴 2,폴 킹,(주)이수C&E,2018-02-08,장편,프랑스,629,2527056200,335906,"707,057,900","89,520",코미디,전체관람가,독립/예술영화
늑대아이,호소다 마모루,(주)미디어데이,2012-09-13,장편,일본,226,2310113761,335706,"840,777,713","117,691",애니메이션,전체관람가,독립/예술영화
디 아이2,"대니 팽,옥사이드 팽 천",쇼이스트(주),2004-05-26,장편,기타,0,0,335000,0,"94,213",공포(호러),15세관람가,일반영화
샬롯의 거미줄,게리 위닉,유니버설픽쳐스인터내셔널 코리아(유),2007-02-08,장편,미국,0,0,334460,0,"91,664",드라마,전체관람가,일반영화
내 사랑,에이슬링 월쉬,오드,2017-07-12,장편,기타,233,2442554625,334423,"1,183,125,825","158,596",드라마,12세관람가,독립/예술영화
미나문방구,정익환,롯데쇼핑㈜롯데엔터테인먼트,2013-05-16,장편,한국,385,2247017000,334323,"569,411,500","81,804",드라마,전체관람가,일반영화
그대가 조국,이승준,(주)엣나인필름,2022-05-25,장편,한국,601,3109424870,333541,"1,257,987,080","132,045",다큐멘터리,12세관람가,독립/예술영화
극장판 짱구는 못말려 : 습격!! 외계인 덩덩이,하시모토 마사카즈,(주)씨제이이엔엠,2017-07-20,장편,일본,547,2417712700,333082,"369,416,200","47,946",애니메이션,전체관람가,일반영화
내일의 기억,서유민,(주)아이필름코퍼레이션,2021-04-21,장편,한국,957,3026073660,332993,"704,155,150","78,912",미스터리,15세관람가,일반영화
남영동1985,정지영,씨너스엔터테인먼트(주),2012-11-22,장편,한국,310,2358629601,332619,"806,220,589","110,659",드라마,15세관람가,독립/예술영화
에베레스트,발타자르 코루마쿠르,유니버설픽쳐스인터내셔널 코리아(유),2015-09-24,장편,미국,331,3055119748,332180,"1,071,862,248","107,240",어드벤처,12세관람가,일반영화
상하이 나이츠,데이빗 돕킨,월트디즈니컴퍼니코리아(주),2003-02-14,장편,미국,0,0,332144,0,"111,086",코미디,12세관람가,일반영화
위자: 저주의 시작,마이크 플래너건,유니버설픽쳐스인터내셔널 코리아(유),2016-11-09,장편,미국,467,2637517406,331877,"558,041,806","67,022",공포(호러),12세관람가,일반영화
무서운 이야기,"정범식,임대웅,홍지영,김곡,김선,민규동",롯데쇼핑㈜롯데엔터테인먼트,2012-07-25,옴니버스,한국,274,2452368566,331760,"677,799,507","87,835",공포(호러),청소년관람불가,일반영화
애프터 선셋,브렛 래트너,롯데쇼핑㈜롯데엔터테인먼트,2005-08-25,장편,미국,0,0,331595,0,"76,901",코미디,15세관람가,일반영화
극장판 요괴워치: 염라대왕과 5개의 이야기다냥!,타카하시 시게하루,(주)씨제이이엔엠,2016-07-20,장편,일본,403,2466913080,330665,"441,346,600","56,343",애니메이션,전체관람가,일반영화
가필드,피터 휴잇,이십세기폭스필름코퍼레이션,2004-08-19,장편,미국,0,0,330380,0,"96,990",코미디,전체관람가,일반영화
킬러스,로버트 루게틱,(주)넥스트엔터테인먼트월드(NEW),2010-09-02,장편,미국,280,2428979292,329086,"914,463,000","117,566",액션,15세관람가,일반영화
선 오브 갓,크리스토퍼 스펜서,(주)프레인글로벌,2014-04-10,장편,미국,419,2392109800,329029,"797,747,600","105,184",드라마,12세관람가,일반영화
프로포즈,앤 플레쳐,한국소니픽쳐스릴리징브에나비스타영화㈜,2009-09-03,장편,미국,174,2481694139,328767,"1,205,331,500","153,321",멜로/로맨스,15세관람가,일반영화
칠검,서극,(주)튜브엔터테인먼트,2005-09-29,장편,기타,0,0,328637,0,"99,141",액션,15세관람가,일반영화
파랑주의보,전윤수,아이러브시네마,2005-12-22,장편,한국,0,0,328538,0,"90,536",드라마,12세관람가,일반영화
링컨 차를 타는 변호사,브래드 퍼맨,씨너스엔터테인먼트(주),2011-06-16,장편,미국,241,2443603500,327612,"1,119,703,000","143,907",범죄,15세관람가,일반영화
잭 라이언 : 코드네임 쉐도우,케네스 브래너,(주)씨제이이엔엠,2014-01-16,장편,미국,419,2395409500,327591,"702,109,000","91,949",액션,12세관람가,일반영화
미드나잇 선,스콧 스피어,(주)삼백상회,2018-06-21,장편,미국,472,2679300500,326086,"960,276,400","114,250",멜로/로맨스,12세관람가,독립/예술영화
그린랜드,릭 로먼 워,(주)제이앤씨미디어그룹,2020-09-29,장편,미국,779,2777724520,325869,"679,646,010","79,147",액션,12세관람가,일반영화
헤어스프레이,아담 쉥크만,㈜케이디미디어,2007-12-06,장편,미국,0,0,325171,0,"141,840",드라마,12세관람가,일반영화
미스 포터,크리스 누난,롯데쇼핑㈜롯데엔터테인먼트,2007-01-25,장편,영국,0,0,325085,0,"152,664",드라마,전체관람가,일반영화
스폰지밥 3D,폴 티비트,(주)씨제이이엔엠,2015-02-18,장편,미국,357,2458946200,325016,"512,218,000","65,131",애니메이션,전체관람가,일반영화
사랑하기 때문에,주지홍,(주)넥스트엔터테인먼트월드(NEW),2017-01-04,장편,한국,542,2538169440,324420,"516,573,040","63,326",코미디,12세관람가,일반영화
희생부활자,곽경택,(주)쇼박스,2017-10-12,장편,한국,781,2515479835,323628,"524,639,435","64,620",미스터리,15세관람가,일반영화
헬보이,닐 마샬,플러스엠 엔터테인먼트,2019-04-10,장편,미국,726,2776406321,323098,"767,125,181","86,763",액션,청소년관람불가,일반영화
정승필 실종사건,강석범,롯데쇼핑㈜롯데엔터테인먼트,2009-10-08,장편,한국,238,2321588076,322459,"552,275,500","72,009",코미디,15세관람가,일반영화
가면,양윤호,롯데쇼핑㈜롯데엔터테인먼트,2007-12-27,장편,한국,0,0,322342,"285,544,500","93,463",스릴러,청소년관람불가,일반영화
아담스 패밀리,"그렉 티어넌,콘래드 베논",유니버설픽쳐스인터내셔널 코리아(유),2019-11-07,장편,미국,802,2565386140,321726,"547,729,100","64,971",애니메이션,전체관람가,일반영화
좋지 아니한가,정윤철,(주)시네마서비스,2007-03-01,장편,한국,0,0,321654,0,"90,130",드라마,15세관람가,일반영화
옥자,봉준호,(주)넥스트엔터테인먼트월드(NEW),2017-06-29,장편,미국,111,2432883900,321550,"1,394,437,900","168,121",어드벤처,12세관람가,일반영화
라야와 마지막 드래곤,"돈 홀,카를로스 로페즈 에스트라다",월트디즈니컴퍼니코리아 유한책임회사,2021-03-04,장편,미국,1056,2969004390,321484,"817,976,580","83,848",애니메이션,전체관람가,일반영화
블레이드 러너 2049,드니 빌뇌브,소니픽쳐스엔터테인먼트코리아주식회사극장배급지점,2017-10-12,장편,미국,664,2760845365,321018,"1,162,877,565","128,723",SF,15세관람가,일반영화
어글리 트루스,로버트 루게틱,한국소니픽쳐스릴리징브에나비스타영화㈜,2009-09-17,장편,미국,185,2471953101,320997,"1,367,788,000","171,620",코미디,청소년관람불가,일반영화
극적인 하룻밤,하기호,CGV아트하우스,2015-12-03,장편,한국,434,2610929429,320923,"778,081,829","92,279",멜로/로맨스,청소년관람불가,일반영화
"극장판 포켓몬스터 베스트위시: 신의 속도 게노세크트, 뮤츠의 각성",유야마 쿠니히코,(주)씨제이이엔엠,2014-01-09,장편,일본,406,2080468500,320409,"450,597,500","66,391",애니메이션,전체관람가,일반영화
아기배달부 스토크,"니콜라스 스톨러,더그 스윗랜드",워너브러더스 코리아(주),2016-12-07,장편,미국,538,2415830200,320353,"465,509,400","57,099",애니메이션,전체관람가,일반영화
인터프리터,시드니 폴락,UIP코리아,2005-04-22,장편,영국,0,0,320000,0,"138,749",드라마,12세관람가,일반영화
크레이들 2 그레이브,안드레이 바르코비악,워너브러더스 코리아(주),2003-04-11,장편,미국,0,0,320000,0,"13,100",액션,15세관람가,일반영화
뮨: 달의 요정,"알렉상드르 헤보얀,베노이트 필립폰",(주)스마일이엔티,2015-09-24,장편,프랑스,365,2331900700,319072,"474,814,300","62,132",애니메이션,전체관람가,독립/예술영화
빅풋 주니어,"제레미 드그루손,벤 스타센",(주)이수C&E,2017-08-09,장편,기타,437,2245548900,318737,"451,385,400","60,164",애니메이션,전체관람가,일반영화
오멘,존 무어,이십세기폭스코리아(주),2006-06-06,장편,미국,0,0,318350,0,"117,600",공포(호러),청소년관람불가,일반영화
검우강호,오우삼,(주)에스비에스콘텐츠허브,2010-10-14,장편,기타,343,2281559914,318157,"688,397,000","91,725",액션,15세관람가,일반영화
도리화가,이종필,(주)씨제이이엔엠,2015-11-25,장편,한국,563,2246950339,317505,"697,116,939","91,714",사극,12세관람가,일반영화
유실물,후루사와 다케시,(주)씨제이이엔엠,2006-07-27,장편,일본,0,0,317439,0,"93,641",공포(호러),15세관람가,일반영화
세상에서 가장 아름다운 이별,민규동,(주)넥스트엔터테인먼트월드(NEW),2011-04-20,장편,한국,340,2295897500,316788,"830,311,000","109,685",드라마,15세관람가,일반영화
레드카펫,박범수,(주)프레인글로벌,2014-10-23,장편,한국,385,2404458580,316780,"602,676,380","75,397",멜로/로맨스,15세관람가,일반영화
퍼펙트 겟어웨이,데이빗 토히,(주)시너지하우스 (시너지),2009-08-20,장편,미국,226,2343962833,315888,"693,148,500","88,631",스릴러,15세관람가,일반영화
P.S. 아이 러브 유,리차드 라그라브네스,(주)쇼박스,2008-01-03,장편,미국,196,2119345000,315863,"907,912,500","130,126",멜로/로맨스,15세관람가,일반영화
극장판 도라에몽:진구의 마계대모험 7인의 마법사,테라모토 유키요,대원미디어(주),2008-07-17,장편,일본,83,1903393500,315809,"462,690,000","73,715",애니메이션,전체관람가,일반영화
겁나는 여친의 완벽한 비밀,이반 라이트만,이십세기폭스코리아(주),2006-08-17,장편,미국,0,0,315396,0,"140,707",코미디,15세관람가,일반영화
미녀와 야수,크리스토프 갱스,(주)넥스트엔터테인먼트월드(NEW),2014-06-18,장편,프랑스,387,2385847300,315348,"745,899,100","94,306",판타지,전체관람가,일반영화
캐롤,토드 헤인즈,CGV아트하우스,2016-02-04,장편,미국,221,2608608616,315321,"1,351,888,116","159,681",드라마,청소년관람불가,독립/예술영화
차이니즈 조디악,성룡,롯데쇼핑㈜롯데엔터테인먼트,2013-02-27,장편,중국,300,2211711500,315305,"591,907,500","80,680",액션,12세관람가,일반영화
스카우트,김현석,(주)씨제이이엔엠,2007-11-14,장편,한국,0,0,315187,0,"98,138",드라마,12세관람가,일반영화
수퍼 소닉2,제프 파울러,롯데컬처웍스(주)롯데엔터테인먼트,2022-04-06,장편,미국,1129,2848373410,315123,"589,880,380","69,317",애니메이션,전체관람가,일반영화
번 더 스테이지: 더 무비,박준수,월트디즈니컴퍼니코리아 유한책임회사,2018-11-15,장편,한국,243,2671391900,315010,"776,472,800","87,249",기타,전체관람가,일반영화
마이 블랙 미니드레스,허인무,(주)씨제이이엔엠,2011-03-24,장편,한국,325,2318884500,313953,"741,903,500","95,622",드라마,15세관람가,일반영화
엘라의 모험 : 해피엔딩의 위기,폴 J. 볼거,(주)쇼박스,2008-01-24,장편,독일,191,1791623000,312640,"442,443,000","74,672",애니메이션,전체관람가,일반영화
CJ7:장강7호,주성치,㈜스튜디오이쩜영,2008-08-21,장편,기타,234,1955693500,312576,"593,494,500","90,028",SF,전체관람가,일반영화
프리 가이,숀 레비,월트디즈니컴퍼니코리아 유한책임회사,2021-08-11,장편,미국,750,3119899670,312564,"1,185,370,520","118,119",액션,12세관람가,일반영화
헨젤과 그레텔,임필성,(주)씨제이이엔엠,2007-12-27,장편,한국,0,0,312459,"216,613,000","83,335",드라마,12세관람가,일반영화
인사이드 맨,스파이크 리,UIP코리아,2006-04-21,장편,미국,0,0,311495,0,"136,860",드라마,15세관람가,일반영화
비행기 2: 소방구조대,로버츠 개너웨이,소니픽쳐스릴리징월트디즈니스튜디오스코리아(주),2014-08-13,장편,미국,341,2246970700,311456,"431,524,600","55,755",애니메이션,전체관람가,일반영화
쇼퍼홀릭,P.J. 호건,한국소니픽쳐스릴리징브에나비스타영화㈜,2009-03-26,장편,미국,180,2103939884,311274,"1,076,625,000","153,261",코미디,12세관람가,일반영화
트루스 오어 데어,제프 와드로,유니버설픽쳐스인터내셔널 코리아(유),2018-05-22,장편,미국,530,2647330400,310956,"676,633,300","75,935",공포(호러),15세관람가,일반영화
게이머,"브라이언 테일러,마크 네빌딘",(주)시너지하우스 (시너지),2009-10-01,장편,미국,262,2380275031,310548,"847,086,500","105,301",액션,청소년관람불가,일반영화
주피터 어센딩,"라나 워쇼스키,릴리 워쇼스키",워너브러더스 코리아(주),2015-02-05,장편,미국,561,2685741879,309729,"832,233,679","89,787",SF,12세관람가,일반영화
더 스파이,도미닉 쿡,TCO(주)더콘텐츠온,2021-04-28,장편,미국,710,2844155830,308545,"1,011,594,550","108,448",스릴러,15세관람가,일반영화
위대한 소원,남대중,(주)넥스트엔터테인먼트월드(NEW),2016-04-21,장편,한국,524,2438260213,308180,"557,547,213","67,347",코미디,15세관람가,일반영화
주온-원혼의 부활,"아사토 마리,미야케 류타",(주)쇼박스,2009-07-09,장편,일본,145,2133345728,308057,"601,921,000","80,835",공포(호러),15세관람가,일반영화
가디언의 전설,잭 스나이더,워너브러더스 코리아(주),2010-10-28,장편,미국,268,2655721096,307217,"767,026,500","85,399",애니메이션,전체관람가,일반영화
빌리와 용감한 녀석들 2,닉힐 아드바니,(주)에스비에스콘텐츠허브,2013-02-21,장편,기타,289,2006325000,306837,"384,270,500","55,552",애니메이션,전체관람가,일반영화
강릉,윤영빈,(주)스튜디오 산타클로스엔터테인먼트,2021-11-10,장편,한국,761,3175724270,306809,"561,721,770","53,448",범죄,청소년관람불가,일반영화
덕구,방수인,플러스엠 엔터테인먼트,2018-04-05,장편,한국,544,2320819700,306126,"399,790,500","50,850",드라마,전체관람가,일반영화
개를 훔치는 완벽한 방법,김성호,(주)리틀빅픽쳐스,2014-12-31,장편,한국,205,2327822465,306119,"800,083,365","101,680",드라마,전체관람가,독립/예술영화
드리머,존 개틴스,쇼이스트(주),2006-04-13,장편,미국,0,0,305993,0,"106,588",드라마,전체관람가,일반영화
예스터데이,대니 보일,유니버설픽쳐스인터내셔널 코리아(유),2019-09-18,장편,미국,816,2572745100,305504,"976,853,610","113,089",드라마,12세관람가,일반영화
패딩턴,폴 킹,롯데쇼핑㈜롯데엔터테인먼트,2015-01-07,장편,영국,408,2246424729,305100,"646,094,129","84,276",코미디,전체관람가,일반영화
에이리언 VS 프레데터,폴 W.S. 앤더슨,이십세기폭스필름코퍼레이션,2004-09-03,장편,미국,0,0,304360,0,"82,690",SF,15세관람가,일반영화
식스틴블럭,리차드 도너,롯데쇼핑㈜롯데엔터테인먼트,2006-04-20,장편,미국,0,0,303521,0,"98,720",액션,15세관람가,일반영화
리크루트,로저 도널드슨,월트디즈니컴퍼니코리아(주),2003-03-14,장편,미국,0,0,303458,0,"113,100",범죄,15세관람가,일반영화
아포칼립토,멜 깁슨,이십세기폭스필름코퍼레이션,2007-01-31,장편,미국,0,0,303030,0,"101,200",액션,청소년관람불가,일반영화
대한민국 헌법 제1조,송경식,(주)시네마서비스,2003-03-14,장편,한국,0,0,301595,0,"71,646",코미디,청소년관람불가,일반영화
어깨 너머의 연인,이언희,(주)쇼박스,2007-10-18,장편,한국,0,0,301153,0,"105,717",드라마,청소년관람불가,일반영화
묵공,장지량,(주)씨제이이엔엠,2007-01-10,장편,중국,0,0,300541,0,"89,085",전쟁,12세관람가,일반영화
포켓몬 더 무비 XY 후파: 광륜의 초마신,유야마 쿠니히코,(주)이수C&E,2015-12-23,장편,일본,360,2156275800,300477,"412,792,200","55,992",애니메이션,전체관람가,일반영화
새벽의 저주,잭 스나이더,UIP코리아,2004-05-14,장편,미국,0,0,300000,0,"111,126",공포(호러),청소년관람불가,일반영화
빌리와 용감한 녀석들 3D,"라인하드 클루스,호거 태프",(주)에스비에스콘텐츠허브,2012-08-08,장편,독일,241,1961238000,299434,"348,695,500","48,327",애니메이션,전체관람가,일반영화
프랑켄슈타인: 불멸의 영웅,스튜어트 베티,(주)쇼박스,2014-02-06,장편,미국,378,2174134123,298983,"609,747,623","80,083",액션,12세관람가,일반영화
오즈의 마법사: 돌아온 도로시,"윌 핀,댄 세인트 피에르",(주)박수엔터테인먼트,2015-02-12,장편,미국,330,2175321000,298298,"518,209,900","68,014",애니메이션,전체관람가,독립/예술영화
위험한 관계,허진호,(주)씨제이이엔엠,2012-10-11,장편,한국,334,2122666230,298086,"766,827,206","103,451",멜로/로맨스,청소년관람불가,일반영화
스포트라이트,토마스 맥카시,(주)팝엔터테인먼트,2016-02-24,장편,미국,320,2390611755,297944,"1,201,355,355","146,498",드라마,15세관람가,일반영화
구스범스,롭 레터맨,유니버설픽쳐스인터내셔널 코리아(유),2016-01-14,장편,미국,515,2221639712,297356,"607,220,925","79,043",액션,12세관람가,일반영화
로렉스,"크리스 리노드,카일 발다",유니버설픽쳐스인터내셔널 코리아(유),2012-05-03,장편,미국,463,2140045000,297025,"557,255,500","72,599",애니메이션,전체관람가,일반영화
오래된 정원,임상수,롯데쇼핑㈜롯데엔터테인먼트,2007-01-04,장편,한국,0,0,296532,0,"62,904",드라마,12세관람가,독립/예술영화
모모와 다락방의 수상한 요괴들,오키우라 히로유키,타임스토리그룹(주),2012-07-05,장편,일본,253,1957612000,295189,"482,980,000","68,912",애니메이션,전체관람가,일반영화
서핑 업,"애쉬 브래넌,크리스 벅",한국소니픽쳐스릴리징브에나비스타영화㈜,2007-08-09,장편,미국,0,0,294702,0,"69,698",애니메이션,전체관람가,일반영화
포인트 브레이크,에릭슨 코어,(주)시네마서비스,2016-01-07,장편,미국,409,2323707051,294320,"648,350,064","79,524",범죄,15세관람가,일반영화
극장판 포켓몬스터 베스트 위시 「비크티니와 흑의 영웅 제크로무」,유야마 쿠니히코,(주)씨제이이엔엠,2011-12-22,장편,일본,226,1997384500,293787,"442,947,000","63,403",애니메이션,전체관람가,일반영화
첫키스만 50번째,피터 시걸,팝엔터테인먼트,2004-04-15,장편,미국,0,0,293376,0,"148,218",코미디,청소년관람불가,독립/예술영화
미성년,김윤석,(주)쇼박스,2019-04-11,장편,한국,673,2493769950,293258,"856,799,740","98,387",드라마,15세관람가,일반영화
가부와 메이 이야기,스기이 기사부로,(주)엠케이픽처스,2006-02-09,장편,일본,0,0,292992,0,"70,865",애니메이션,전체관람가,독립/예술영화
이스케이프 플랜,미카엘 하프스트롬,판씨네마(주),2013-12-05,장편,미국,287,2105280679,292655,"685,515,679","91,130",액션,청소년관람불가,일반영화
더 코어,존 아미엘,UIP코리아,2003-04-18,장편,미국,0,0,292641,0,"109,669",SF,12세관람가,일반영화
8 마일,커티스 핸슨,유니버설픽쳐스인터내셔널 코리아(유),2003-02-21,장편,미국,0,0,292626,0,"173,093",드라마,청소년관람불가,일반영화
베스트 키드,해럴드 즈워트,한국소니픽쳐스릴리징브에나비스타영화㈜,2010-06-10,장편,미국,259,2066507505,292529,"567,302,000","75,364",가족,12세관람가,일반영화
"러브, 로지",크리스티안 디터,(주)넥스트엔터테인먼트월드(NEW),2014-12-10,장편,영국,379,2225917646,292430,"939,240,646","119,128",코미디,15세관람가,일반영화
더 그레이,조 카나한,(주)팝파트너스,2012-02-16,장편,미국,298,2198959500,292217,"740,129,000","93,961",액션,15세관람가,일반영화
에이리언 VS 프레데터2,"콜린 스트라우스,그레그 스트라우스",이십세기폭스필름코퍼레이션,2008-01-17,장편,미국,158,1869409000,291685,"498,102,500","74,971",SF,15세관람가,일반영화
호우시절,허진호,(주)넥스트엔터테인먼트월드(NEW),2009-10-08,장편,한국,334,2165019514,291143,"1,033,970,500","133,168",멜로/로맨스,15세관람가,일반영화
미드나잇 미트 트레인,기타무라 류헤이,롯데쇼핑㈜롯데엔터테인먼트,2008-08-21,장편,미국,191,1965440000,290334,"724,548,000","101,189",공포(호러),청소년관람불가,일반영화
"제니, 주노",김호준,쇼이스트(주),2005-02-18,장편,한국,0,0,289829,0,"55,675",드라마,15세관람가,일반영화
앨빈과 슈퍼밴드: 악동 어드벤처,월트 벡커,이십세기폭스코리아(주),2016-02-04,장편,미국,380,2101036200,289645,"450,214,100","59,605",애니메이션,전체관람가,일반영화
런 올 나이트,자움 콜렛 세라,워너브러더스 코리아(주),2015-03-19,장편,미국,411,2293671495,289534,"623,115,595","76,106",액션,청소년관람불가,일반영화
착신아리 파이널,아소 마나부,(주)씨제이이엔엠,2006-06-22,장편,일본,0,0,289469,0,"74,288",공포(호러),15세관람가,일반영화
파이널 데스티네이션 4,데이빗 엘리슨,워너브러더스 코리아(주),2009-10-01,장편,미국,216,2309480475,289117,"830,049,500","98,184",공포(호러),청소년관람불가,일반영화
천로역정: 천국을 찾아서,로버트 페르난데스,(재)CBS,2019-06-13,장편,미국,381,2146343510,288774,"472,244,590","58,785",애니메이션,전체관람가,독립/예술영화
배심원들,홍승완,CGV아트하우스,2019-05-15,장편,한국,784,2303130090,288113,"724,211,930","86,835",드라마,12세관람가,일반영화
혼숨,이두환,(주)프레인글로벌,2016-10-26,장편,한국,498,2258422445,288016,"374,477,045","45,099",공포(호러),15세관람가,일반영화
앤트 불리,존 A. 데이비스,워너브러더스 코리아(주),2006-09-28,장편,미국,0,0,287984,0,"104,688",애니메이션,전체관람가,일반영화
저스트 라이크 헤븐,마크 S. 워터스,(주)씨제이이엔엠,2005-12-01,장편,미국,0,0,286969,0,"126,094",코미디,15세관람가,일반영화
기방도령,남대중,판씨네마(주),2019-07-10,장편,한국,625,2327760190,286806,"546,588,070","65,509",코미디,15세관람가,일반영화
1724 기방난동사건,여균동,(주)싸이더스,2008-12-03,장편,한국,337,1886195121,286657,"570,796,000","82,806",사극,15세관람가,일반영화
커뮤터,자움 콜렛 세라,플러스엠 엔터테인먼트,2018-01-24,장편,영국,575,2286590955,286042,"669,150,055","82,592",액션,15세관람가,일반영화
눈부신 날에,박광수,(주)시네마서비스,2007-04-19,장편,한국,0,0,285825,0,"70,857",드라마,15세관람가,일반영화
여자는 남자의 미래다,홍상수,(주)씨제이이엔엠,2004-05-05,장편,한국,0,0,284872,0,"134,317",드라마,청소년관람불가,독립/예술영화
신데렐라:마법 반지의 비밀,린 사우더랜드,예지림엔터테인먼트,2019-02-20,장편,미국,575,2113630240,284755,"367,881,020","47,386",애니메이션,전체관람가,일반영화
88분,존 애브넛,(주)프라임엔터테인먼트,2008-05-29,장편,미국,199,1863411167,284619,"669,842,167","96,876",드라마,15세관람가,일반영화
후드,오토 바서스트,(주)이수C&E,2018-11-28,장편,미국,628,2203434149,284601,"624,255,799","77,919",어드벤처,12세관람가,일반영화
버킷 리스트:죽기전에 꼭 하고싶은것들,롭 라이너,주식회사 해리슨앤컴퍼니,2008-04-09,장편,미국,56,1854707334,284360,"1,185,582,334","178,399",코미디,12세관람가,독립/예술영화
런,아니쉬 차간티,(주)올스타엔터테인먼트,2020-11-20,장편,미국,799,2608259370,284141,"808,135,720","87,237",미스터리,15세관람가,일반영화
네버엔딩 스토리,정용주,(주)화앤담이엔티,2012-01-18,장편,한국,269,2106823000,283449,"638,022,000","81,476",코미디,15세관람가,일반영화
다이노 타임,"최윤석,존 카프카",(주)씨제이이엔엠,2015-04-30,장편,한국,430,2099683100,283300,"405,724,600","52,818",애니메이션,전체관람가,일반영화
인서전트,로베르트 슈벤트케,롯데쇼핑㈜롯데엔터테인먼트,2015-03-25,장편,미국,480,2158449889,282662,"650,066,489","81,654",SF,15세관람가,일반영화
웨딩 크래셔,데이빗 돕킨,롯데쇼핑㈜롯데엔터테인먼트,2006-03-01,장편,미국,0,0,282651,0,"98,314",코미디,15세관람가,일반영화
포켓몬 더 무비 XY&Z 「볼케니온 : 기계왕국의 비밀」,유야마 쿠니히코,(주)이수C&E,2016-12-22,장편,일본,480,2147083300,282419,"425,667,500","53,872",애니메이션,전체관람가,일반영화
프레데터스,님로드 안탈,이십세기폭스코리아(주),2010-08-26,장편,미국,230,2025850507,281642,"538,838,500","70,677",액션,15세관람가,일반영화
쓰리 몬스터,"박찬욱,미이케 다카시,프루트 챈",(주)씨제이이엔엠,2004-08-20,옴니버스,한국,0,0,281540,0,"107,960",공포(호러),청소년관람불가,일반영화
오큘러스,마이크 플래너건,씨네그루(주)다우기술,2014-05-29,장편,미국,336,2122466537,279488,"470,167,537","59,344",미스터리,15세관람가,일반영화
극장판 안녕 자두야,손석우,(주)씨제이이엔엠,2016-05-04,장편,한국,523,2124832300,278914,"377,332,100","46,697",애니메이션,전체관람가,일반영화
사랑에 대한 모든 것,제임스 마쉬,유니버설픽쳐스인터내셔널 코리아(유),2014-12-10,장편,미국,399,2162660589,278015,"1,027,037,089","128,065",멜로/로맨스,12세관람가,일반영화
원스 어폰 어 타임... 인 할리우드,쿠엔틴 타란티노,소니픽쳐스엔터테인먼트코리아주식회사극장배급지점,2019-09-25,장편,미국,678,2269807670,277319,"1,107,269,480","130,601",드라마,청소년관람불가,일반영화
드래그 미 투 헬,샘 레이미,㈜케이디미디어,2009-06-11,장편,미국,242,1873729372,277224,"685,769,500","96,427",공포(호러),15세관람가,일반영화
존 윅 - 리로드,채드 스타헬스키,(주)제이앤씨미디어그룹,2017-02-22,장편,미국,250,2205582600,276379,"752,850,000","92,798",액션,청소년관람불가,일반영화
우리는 동물원을 샀다,카메론 크로우,이십세기폭스코리아(주),2012-01-18,장편,미국,235,1993190500,276334,"734,710,500","97,041",가족,전체관람가,일반영화
잘 살아보세,안진우,기타,2006-09-28,장편,한국,0,0,275739,0,"54,953",코미디,12세관람가,일반영화
스트리트 킹,데이비드 에이어,이십세기폭스코리아(주),2008-04-17,장편,미국,242,1781772500,274628,"684,467,000","100,235",범죄,청소년관람불가,일반영화
킬 빌2,쿠엔틴 타란티노,(주)씨제이이엔엠,2004-05-14,장편,미국,0,0,274469,0,"123,193",액션,청소년관람불가,일반영화
카운트,권혁재,(주)씨제이이엔엠,2023-02-22,장편,한국,946,2614047325,274283,"581,956,025","59,668",드라마,12세관람가,일반영화
눈의 여왕,"블라드 바르베,막심 스베쉬니코브",(주)넥스트엔터테인먼트월드(NEW),2013-02-07,장편,기타,316,1823299000,274229,"387,655,500","54,916",애니메이션,전체관람가,일반영화
쏘우 4,대런 린 보우즈만,롯데쇼핑㈜롯데엔터테인먼트,2007-11-21,장편,미국,0,0,273959,0,"91,302",공포(호러),청소년관람불가,일반영화
마지막 선물,김영준,(주)쇼박스,2008-02-05,장편,한국,263,1748517833,272890,"446,771,333","69,286",드라마,15세관람가,일반영화
목소리의 형태,야마다 나오코,(주)디스테이션,2017-05-09,장편,일본,466,2141765014,272877,"567,291,114","69,527",애니메이션,전체관람가,일반영화
바울,앤드류 하얏트,(재)CBS,2018-10-31,장편,미국,227,2138266900,272749,"704,852,300","86,082",드라마,15세관람가,독립/예술영화
가루지기,신한솔,(주)쇼박스,2008-04-30,장편,한국,311,1777787000,272648,"518,553,500","76,430",드라마,청소년관람불가,일반영화
짱구는 못말려 극장판: 태풍을 부르는 황금스파이 대작전,마스이 소이치,롯데쇼핑㈜롯데엔터테인먼트,2012-04-26,장편,일본,277,1804032000,272062,"290,029,000","41,908",애니메이션,전체관람가,일반영화
요가학원,윤재연,(주)싸이더스,2009-08-20,장편,한국,251,1947834107,271514,"513,226,500","67,792",공포(호러),15세관람가,일반영화
"두뇌유희프로젝트, 퍼즐",김태경,(주)시네마서비스,2006-09-14,장편,한국,0,0,270779,0,"97,196",범죄,청소년관람불가,일반영화
울프맨,조 존스톤,유니버설픽쳐스인터내셔널 코리아(유),2010-02-11,장편,미국,266,2099396881,270683,"664,052,500","81,066",공포(호러),청소년관람불가,일반영화
가비,장윤현,(주)시네마서비스,2012-03-15,장편,한국,339,1969360500,270602,"632,097,000","82,433",드라마,15세관람가,일반영화
롤러코스터,하정우,(주)씨제이이엔엠,2013-10-17,장편,한국,374,1913087600,270148,"610,177,000","81,230",코미디,15세관람가,일반영화
스페이스 침스:우주선을 찾아서,커크 드 미코,(주)성원아이컴,2008-07-17,장편,미국,175,1568757000,269947,"345,234,000","55,949",애니메이션,전체관람가,일반영화
헨젤과 그레텔: 마녀 사냥꾼 3D,토미 위르콜라,(주)씨제이이엔엠,2013-02-14,장편,미국,297,2122205602,269510,"670,928,602","80,519",액션,청소년관람불가,일반영화
상하이,미카엘 하프스트롬,(주)넥스트엔터테인먼트월드(NEW),2011-01-27,장편,미국,217,2039939000,269157,"679,833,000","85,280",드라마,15세관람가,일반영화
모털 엔진,크리스찬 리버스,유니버설픽쳐스인터내셔널 코리아(유),2018-12-05,장편,미국,661,2329489119,268921,"667,168,319","72,846",액션,12세관람가,일반영화
한니발 라이징,피터 웨버,(주)프라임엔터테인먼트,2007-02-28,장편,미국,0,0,268474,0,"73,744",스릴러,청소년관람불가,일반영화
카핑 베토벤,아그네츠카 홀란드,(주)미로비젼,2007-10-03,장편,독일,0,0,268154,0,"117,664",드라마,12세관람가,독립/예술영화
친구와 연인사이,이반 라이트만,(주)씨제이이엔엠,2011-02-10,장편,미국,183,2099697500,267843,"1,049,828,000","130,927",코미디,청소년관람불가,일반영화
파이스토리,"이경호,폭스 존,베이커 하워드 E.",(주)씨제이이엔엠,2006-07-06,장편,한국,0,0,267588,0,"68,042",애니메이션,전체관람가,일반영화
파이스토리 : 악당상어 소탕작전,"마크 A.Z. 디페,박태동",(주)에스비에스콘텐츠허브,2013-01-10,장편,미국,298,1807928000,267373,"355,218,500","50,053",애니메이션,전체관람가,일반영화
캣우먼,피토프,워너브러더스 코리아(주),2004-09-24,장편,미국,0,0,267300,0,"92,000",액션,12세관람가,일반영화
19곰 테드,세스 맥팔레인,유니버설픽쳐스인터내셔널 코리아(유),2012-09-27,장편,미국,248,2034959293,266574,"857,462,249","107,453",코미디,청소년관람불가,일반영화
메신져 - 죽은자들의 경고,"대니 팽,옥사이드 팽 천",(주)프라임엔터테인먼트,2007-06-06,장편,미국,0,0,266487,0,"55,090",공포(호러),12세관람가,일반영화
백 투 더 비기닝,딘 이스라엘리트,롯데쇼핑㈜롯데엔터테인먼트,2015-02-26,장편,미국,423,2016298400,266389,"586,021,800","74,127",SF,15세관람가,일반영화
저스틴,마누엘 시실라,(주)넥스트엔터테인먼트월드(NEW),2013-12-31,장편,기타,332,1764086000,266253,"392,422,500","56,899",애니메이션,전체관람가,일반영화
바람의 전설,박정우,(주)시네마서비스,2004-04-09,장편,한국,0,0,266000,0,"112,463",드라마,15세관람가,일반영화
투모로우랜드,브래드 버드,월트디즈니컴퍼니코리아(주),2015-05-27,장편,미국,435,2082869000,265744,"682,335,600","83,016",액션,12세관람가,일반영화
마이 뉴 파트너,김종현,(주)엠플러스픽쳐스,2008-03-06,장편,한국,220,1696902333,265323,"426,297,833","64,513",액션,15세관람가,일반영화
1408,미카엘 하프스트롬,롯데쇼핑㈜롯데엔터테인먼트,2007-08-01,장편,미국,0,0,265227,0,"86,949",공포(호러),15세관람가,일반영화
극장판 도라에몽: 진구의 인어대해전,쿠스바 고조,(주)씨제이이엔엠,2010-07-28,장편,일본,144,1769482593,264918,"400,018,000","57,062",애니메이션,전체관람가,일반영화
나를 차버린 스파이,수잔나 포겔,(주)누리픽쳐스,2018-08-22,장편,미국,278,2346742100,264766,"741,785,000","82,196",액션,15세관람가,일반영화
"생, 날선생",김동욱,(주)시네마서비스,2006-05-25,장편,한국,0,0,264525,0,"55,106",코미디,15세관람가,일반영화
그녀는 요술쟁이,노라 에프론,소니픽쳐스릴리징코리아,2005-08-25,장편,미국,0,0,262893,0,"114,697",코미디,12세관람가,일반영화
에반 올마이티,톰 새디악,유니버설픽쳐스인터내셔널 코리아(유),2007-07-25,장편,미국,0,0,262291,0,"85,474",코미디,전체관람가,일반영화
마야,알렉스 스타더만,(주)박수엔터테인먼트,2014-09-04,장편,독일,295,1927575700,262289,"408,898,500","52,310",애니메이션,전체관람가,독립/예술영화
악질경찰,이정범,워너브러더스 코리아(주),2019-03-20,장편,한국,833,2256615278,262233,"543,947,088","61,930",범죄,청소년관람불가,일반영화
이퀼리브리엄,커트 위머,플레너스(주)시네마서비스,2003-10-02,장편,미국,0,0,261889,0,"92,299",액션,15세관람가,일반영화
스파이 브릿지,스티븐 스필버그,이십세기폭스코리아(주),2015-11-05,장편,미국,425,2015360478,260721,"722,246,378","90,018",스릴러,12세관람가,일반영화
원더,스티븐 크보스키,CGV아트하우스,2017-12-27,장편,미국,183,1988444689,260506,"881,872,289","114,196",드라마,전체관람가,독립/예술영화
장고:분노의 추적자,쿠엔틴 타란티노,소니픽쳐스릴리징월트디즈니스튜디오스코리아(주),2013-03-21,장편,미국,342,1883634000,260144,"908,138,000","120,823",서부극(웨스턴),청소년관람불가,일반영화
공범자들,최승호,(주)엣나인필름,2017-08-17,장편,한국,228,2017678800,258478,"745,661,900","92,054",다큐멘터리,15세관람가,독립/예술영화
킹덤,피터 버그,유니버설픽쳐스인터내셔널 코리아(유),2007-11-01,장편,미국,0,0,258419,0,"84,760",액션,청소년관람불가,일반영화
맥스 페인,존 무어,이십세기폭스코리아(주),2008-11-20,장편,미국,155,1629486000,257808,"585,242,500","88,871",범죄,15세관람가,일반영화
함정,권형진,(주)인벤트스톤,2015-09-10,장편,한국,445,2088685200,257716,"411,417,600","50,477",스릴러,청소년관람불가,일반영화
명탐정 코난 : 코난 실종사건 - 사상 최악의 이틀,야마모토 야스이치로,(주)씨제이이엔엠,2015-02-12,장편,일본,187,1885543600,257381,"356,320,500","48,679",애니메이션,12세관람가,일반영화
파이널 데스티네이션5,스티븐 쿼일,워너브러더스 코리아(주),2011-09-08,장편,미국,168,2370348500,257193,"880,006,000","87,499",공포(호러),청소년관람불가,일반영화
쓰리 데이즈,폴 해기스,롯데쇼핑㈜롯데엔터테인먼트,2010-12-22,장편,미국,211,1882542699,257106,"621,398,000","80,819",범죄,15세관람가,독립/예술영화
언브로큰,안젤리나 졸리,유니버설픽쳐스인터내셔널 코리아(유),2015-01-07,장편,미국,401,1997947292,256475,"605,776,392","75,489",액션,15세관람가,일반영화
카우보이 & 에이리언,존 파브로,(주)씨제이이엔엠,2011-08-11,장편,미국,269,1930249000,256346,"637,026,000","80,926",액션,15세관람가,일반영화
기묘한 가족,이민재,플러스엠 엔터테인먼트,2019-02-13,장편,한국,625,2062904275,256202,"465,060,345","56,391",코미디,12세관람가,일반영화
까불지마,오지명,영화사청어람(주),2004-12-03,장편,한국,0,0,255967,0,"60,463",드라마,15세관람가,일반영화
쏘우,제임스 완,(주)영화사한결,2005-03-10,장편,미국,0,0,255636,0,"89,842",스릴러,청소년관람불가,일반영화
pm 11:14,그레그 마크스,(주)쇼박스,2005-06-02,장편,미국,0,0,255240,0,"104,154",드라마,15세관람가,일반영화
"사랑하니까, 괜찮아",곽지균,(주)시네마서비스,2006-08-17,장편,한국,0,0,254887,0,"69,987",멜로/로맨스,12세관람가,일반영화
13구역,피에르 모렐,(주)프라임엔터테인먼트,2006-08-24,장편,프랑스,0,0,253838,0,"79,846",액션,15세관람가,일반영화
미트 페어런츠2,제이 로치,(주)씨제이이엔엠,2005-04-15,장편,미국,0,0,253383,0,"112,909",코미디,15세관람가,일반영화
러브 & 트러블,알렉 케시시안,(주)프라임엔터테인먼트,2007-06-14,장편,프랑스,0,0,252476,0,"121,261",멜로/로맨스,15세관람가,일반영화
밤의 여왕,김제영,(주)인벤트스톤,2013-10-17,장편,한국,333,1762892500,252475,"513,568,000","69,050",멜로/로맨스,15세관람가,일반영화
국경의 남쪽,안판석,(주)씨제이이엔엠,2006-05-04,장편,한국,0,0,252457,0,"82,402",드라마,12세관람가,일반영화
노벰버 맨,로저 도널드슨,롯데쇼핑㈜롯데엔터테인먼트,2014-10-16,장편,미국,395,1891131320,252444,"526,222,320","67,486",액션,15세관람가,일반영화
불신지옥,이용주,(주)쇼박스,2009-08-12,장편,한국,237,1818156353,251314,"551,869,000","72,073",미스터리,15세관람가,일반영화
정글 크루즈,자움 콜렛 세라,월트디즈니컴퍼니코리아 유한책임회사,2021-07-28,장편,미국,831,2307504720,251071,"610,208,560","64,370",액션,12세관람가,일반영화
포가튼,조셉 루벤,한국소니픽쳐스릴리징브에나비스타영화㈜,2004-12-03,장편,미국,0,0,251024,0,"107,629",스릴러,15세관람가,일반영화
레이,테일러 핵포드,UIP코리아,2005-02-25,장편,미국,0,0,250900,0,"141,402",드라마,15세관람가,독립/예술영화
비밀은 없다,이경미,(주)씨제이이엔엠,2016-06-23,장편,한국,502,2027801239,250650,"576,619,139","68,878",스릴러,청소년관람불가,일반영화
히어로,스즈키 마사유키,롯데쇼핑㈜롯데엔터테인먼트,2007-11-01,장편,일본,0,0,249463,0,"100,199",드라마,12세관람가,일반영화
라스트 크리스마스,폴 페이그,유니버설픽쳐스인터내셔널 코리아(유),2019-12-05,장편,미국,623,2055043430,249380,"661,347,980","78,206",코미디,12세관람가,일반영화
걸스카우트,김상만,롯데쇼핑㈜롯데엔터테인먼트,2008-06-05,장편,한국,257,1534585000,249114,"400,738,500","61,954",드라마,15세관람가,일반영화
노크:낯선 자들의 방문,브라이언 버티노,영화사청어람(주),2008-07-02,장편,미국,180,1571432000,248943,"502,720,000","75,615",공포(호러),15세관람가,일반영화
DC 리그 오브 슈퍼-펫,"자레드 스턴,샘 레빈",워너브러더스 코리아(주),2022-08-10,장편,미국,585,2322641159,248798,"485,970,310","50,781",애니메이션,전체관람가,일반영화
어느 멋진 순간,리들리 스콧,이십세기폭스코리아(주),2006-11-16,장편,미국,0,0,248711,0,"102,211",드라마,15세관람가,일반영화
소셜포비아,홍석재,CGV아트하우스,2015-03-12,장편,한국,368,1950635763,248215,"551,485,163","67,072",스릴러,15세관람가,독립/예술영화
내니맥피-우리 유모는 마법사,커크 존스,UIP코리아,2006-02-03,장편,영국,0,0,247858,0,"86,653",코미디,전체관람가,일반영화
공작부인:세기의 스캔들,사울 딥,(주)넥스트엔터테인먼트월드(NEW),2008-10-16,장편,미국,195,1576695833,247373,"705,223,333","105,464",사극,15세관람가,일반영화
뉴욕은 언제나 사랑 중,그리핀 던,(주)싸이더스,2009-03-12,장편,미국,221,1685806671,247138,"766,500,500","107,346",멜로/로맨스,15세관람가,일반영화
방탄승,폴 헌터,(주)씨제이이엔엠,2003-09-18,장편,미국,0,0,246966,0,"78,760",액션,15세관람가,일반영화
저스트 프렌드,로저 컴블,㈜스튜디오이쩜영,2006-12-07,장편,미국,0,0,246431,0,"100,202",코미디,15세관람가,일반영화
월 스트리트: 머니 네버 슬립스,올리버 스톤,이십세기폭스코리아(주),2010-10-21,장편,미국,286,1788986817,245343,"783,079,000","100,864",드라마,12세관람가,일반영화
디센트,닐 마샬,롯데쇼핑㈜롯데엔터테인먼트,2007-07-05,장편,영국,0,0,244949,0,"73,470",공포(호러),청소년관람불가,일반영화
빅 피쉬,팀 버튼,(주)팝엔터테인먼트,2004-03-05,장편,미국,0,0,244421,0,"156,818",판타지,청소년관람불가,일반영화
엑스파일:나는 믿고싶다,크리스 카터,이십세기폭스필름코퍼레이션,2008-08-13,장편,미국,237,1614196833,244338,"591,984,333","85,190",SF,15세관람가,일반영화
적과의 동침,박건용,(주)쇼박스,2011-04-27,장편,한국,391,1740340000,243094,"558,480,500","74,511",드라마,12세관람가,일반영화
레드 아이,김동빈,영화사청어람(주),2005-02-18,장편,한국,0,0,242842,0,"70,000",공포(호러),12세관람가,일반영화
툼스톤,스콧 프랭크,(주)인벤트스톤,2014-09-18,장편,미국,378,1875449247,242707,"599,247,647","74,632",액션,청소년관람불가,일반영화
명탐정 코난:감벽의 관,야마모토 야스이치로,(주)씨제이이엔엠,2018-02-14,장편,일본,487,1800316000,242164,"310,023,800","40,693",애니메이션,12세관람가,일반영화
"소년, 천국에 가다",윤태용,(주)쇼박스,2005-11-11,장편,한국,0,0,242053,0,"75,508",드라마,12세관람가,일반영화
브레이크 업 : 이별후애(愛),페이튼 리드,유니버설픽쳐스인터내셔널 코리아(유),2007-03-22,장편,미국,0,0,241676,0,"117,487",코미디,15세관람가,일반영화
인터내셔널,톰 티크베어,한국소니픽쳐스릴리징브에나비스타영화㈜,2009-02-26,장편,미국,199,1617695541,241669,"603,331,000","86,332",액션,청소년관람불가,일반영화
캡틴 필립스,폴 그린그래스,소니픽쳐스릴리징월트디즈니스튜디오스코리아(주),2013-10-23,장편,미국,302,1679067434,241514,"714,998,434","97,908",액션,15세관람가,일반영화
두 사람이다,오기환,영화사청어람(주),2007-08-22,장편,한국,0,0,241292,0,"78,200",공포(호러),청소년관람불가,일반영화
서치 2,"니콜라스 D 존슨,윌 메릭",소니픽쳐스엔터테인먼트코리아주식회사극장배급지점,2023-02-22,장편,미국,868,2342707702,241148,"789,155,861","79,769",미스터리,12세관람가,일반영화
창문 넘어 도망친 100세 노인,플렉스 할그렌,(주)영화사 빅,2014-06-18,장편,기타,300,1824795453,240990,"719,883,353","92,554",어드벤처,15세관람가,독립/예술영화
다크니스,하우메 발라게로,(주)시네마서비스,2003-05-30,장편,기타,0,0,240972,0,"87,302",공포(호러),15세관람가,일반영화
아이 필 프리티,아비 콘,(주)홈초이스,2018-06-06,장편,미국,213,2125902300,240148,"908,668,400","100,403",코미디,15세관람가,일반영화
27번의 결혼리허설,앤 플레쳐,이십세기폭스필름코퍼레이션,2008-03-06,장편,미국,220,1592159556,239674,"686,825,556","98,530",멜로/로맨스,15세관람가,일반영화
서약,마이클 수치,한국소니픽쳐스릴리징브에나비스타영화㈜,2012-03-14,장편,미국,314,1810275500,239483,"797,303,000","101,134",드라마,15세관람가,일반영화
게드전기 : 어스시의 전설,미야자키 고로,(주)쇼박스,2006-08-10,장편,일본,0,0,239067,0,"86,991",애니메이션,전체관람가,일반영화
미옥,이안규,(주)키다리이엔티,2017-11-09,장편,한국,635,1897705564,238587,"520,190,864","63,596",범죄,청소년관람불가,일반영화
하늘을 걷는 남자,로버트 저메키스,유니버설픽쳐스인터내셔널 코리아(유),2015-10-28,장편,미국,415,2267273653,238257,"910,722,153","92,402",드라마,12세관람가,일반영화
사랑은 너무 복잡해,낸시 마이어스,유니버설픽쳐스인터내셔널 코리아(유),2010-03-11,장편,미국,186,1770119256,238073,"922,899,000","119,222",멜로/로맨스,청소년관람불가,독립/예술영화
케이브,브루스 헌트,(주)씨제이이엔엠,2005-10-20,장편,독일,0,0,238054,0,"67,802",드라마,12세관람가,일반영화
하우스 오브 왁스,자움 세라,워너브러더스 코리아(주),2005-05-20,장편,미국,0,0,237200,0,"100,506",공포(호러),청소년관람불가,일반영화
마강호텔,최성철,(주)쇼박스,2007-02-22,장편,한국,0,0,237183,0,"34,294",코미디,15세관람가,일반영화
그레이스 오브 모나코,올리비에 다한,(주)쇼박스,2014-06-18,장편,프랑스,358,1752838200,237147,"768,813,900","100,692",드라마,12세관람가,독립/예술영화
텍사스 전기톱 연쇄살인사건,마커스 니스펠,(주)쇼박스,2005-06-16,장편,미국,0,0,236661,0,"72,817",공포(호러),청소년관람불가,일반영화
해피 뉴 이어,곽재용,(주)씨제이이엔엠,2021-12-29,장편,한국,832,2195273900,236642,"609,236,390","65,949",멜로/로맨스,12세관람가,일반영화
줄리아의 눈,기옘 모랄레스,씨너스엔터테인먼트(주),2011-03-31,장편,기타,232,1827211000,236359,"676,354,500","83,077",미스터리,청소년관람불가,일반영화
뮬란,니키 카로,월트디즈니컴퍼니코리아 유한책임회사,2020-09-17,장편,미국,1420,2079737620,236247,"600,704,000","65,400",어드벤처,12세관람가,일반영화
레고 무비,"필 로드,크리스 밀러",워너브러더스 코리아(주),2014-02-06,장편,미국,317,1601300200,236129,"363,232,000","51,304",애니메이션,전체관람가,일반영화
보물성,"론 클레멘츠,존 머스커",월트디즈니컴퍼니코리아(주),2003-01-01,장편,미국,0,0,235724,0,"85,789",어드벤처,전체관람가,일반영화
세이빙 산타,"레온 주센,아론 실먼",(주)영화사 빅,2013-12-19,장편,영국,297,1520048000,235688,"323,811,500","47,288",애니메이션,전체관람가,일반영화
클로저,마이크 니콜스,(주)스튜디오디에이치엘,2005-02-03,장편,미국,0,0,235466,0,"129,490",멜로/로맨스,청소년관람불가,일반영화
닌자터틀 : 어둠의 히어로,데이브 그린,롯데쇼핑㈜롯데엔터테인먼트,2016-06-16,장편,미국,517,1934052000,235207,"562,213,400","64,425",액션,12세관람가,일반영화
네버랜드를 찾아서,마크 포스터,브에나비스타인터내셔널코리아,2005-02-25,장편,미국,0,0,234427,0,"101,527",드라마,12세관람가,일반영화
비행기,클레이 홀,소니픽쳐스릴리징월트디즈니스튜디오스코리아(주),2013-12-19,장편,미국,408,1671046500,233563,"444,525,500","58,410",애니메이션,전체관람가,일반영화
극장판 포켓몬스터 XY : 파괴의 포켓몬과 디안시,유야마 쿠니히코,롯데쇼핑㈜롯데엔터테인먼트,2015-01-14,장편,일본,360,1653084000,233347,"385,135,900","52,427",애니메이션,전체관람가,일반영화
드림 쏭,애쉬 브래넌,(주)이수C&E,2016-09-14,장편,미국,399,1817437700,233283,"388,509,000","47,585",애니메이션,전체관람가,독립/예술영화
강철대오:구국의 철가방,육상효,롯데쇼핑㈜롯데엔터테인먼트,2012-10-25,장편,한국,366,1614867156,233211,"501,037,128","71,509",코미디,15세관람가,일반영화
내가 죽던 날,박지완,워너브러더스 코리아(주),2020-11-12,장편,한국,909,2135396020,233112,"549,836,600","58,772",드라마,12세관람가,일반영화
세븐 파운즈,가브리엘 무치노,한국소니픽쳐스릴리징브에나비스타영화㈜,2009-02-05,장편,미국,190,1528213109,232972,"615,843,500","89,889",드라마,15세관람가,일반영화
나일 강의 죽음,케네스 브래너,월트디즈니컴퍼니코리아 유한책임회사,2022-02-09,장편,미국,1041,2242081480,232883,"829,557,980","84,621",범죄,12세관람가,일반영화
디파이언스,에드워드 즈윅,(주)엠플러스픽쳐스,2009-01-08,장편,미국,162,1551731322,232532,"506,333,000","73,193",드라마,15세관람가,일반영화
원스,존 카니,(주)제이앤씨미디어그룹,2007-09-20,장편,기타,10,45419094,232459,"44,139,500","180,826",드라마,전체관람가,독립/예술영화
어느날,이윤기,오퍼스픽쳐스(유),2017-04-05,장편,한국,532,1827370582,232016,"566,199,082","69,068",멜로/로맨스,15세관람가,일반영화
"심슨가족, 더무비",데이빗 실버맨,이십세기폭스필름코퍼레이션,2007-08-22,장편,미국,0,0,231382,0,"88,172",애니메이션,12세관람가,일반영화
아바타 리마스터링,제임스 카메론,월트디즈니컴퍼니코리아 유한책임회사,2022-09-21,장편,미국,285,3895090540,230712,"1,472,193,500","79,121",SF,12세관람가,일반영화
명탐정 코난: 비색의 탄환,나가오카 치카,(주)씨제이이엔엠,2021-04-16,장편,일본,844,2173296640,230672,"529,912,070","54,457",애니메이션,12세관람가,일반영화
인플루언스,이재규,기타,2010-08-19,장편,한국,3,1529006,229610,"1,310,000",175,드라마,15세관람가,일반영화
폐가,이철하,(주)시너지하우스 (시너지),2010-08-19,장편,한국,160,1611889133,229610,"330,786,500","43,876",공포(호러),15세관람가,일반영화
메간,제라드 존스톤,유니버설픽쳐스인터내셔널 코리아(유),2023-01-25,장편,미국,704,2322663799,229558,"567,186,932","56,670",공포(호러),15세관람가,일반영화
시카리오: 데이 오브 솔다도,스테파노 솔리마,㈜코리아스크린,2018-06-27,장편,미국,261,1938637400,229542,"729,204,500","84,358",액션,15세관람가,일반영화
바벨,알레한드로 곤잘레스 이냐리투,(주)엠케이픽처스,2007-02-22,장편,기타,0,0,229144,0,"101,782",드라마,청소년관람불가,독립/예술영화
순정,이은희,(주)리틀빅픽쳐스,2016-02-24,장편,한국,467,1643792033,229059,"507,428,633","65,385",드라마,12세관람가,일반영화
포스 카인드,올라턴드 오선샌미,(주)넥스트엔터테인먼트월드(NEW),2010-02-25,장편,미국,189,1701070326,229014,"537,108,500","67,471",SF,15세관람가,일반영화
치즈인더트랩,김제영,(주)리틀빅픽쳐스,2018-03-14,장편,한국,364,1890873700,229005,"557,695,800","65,340",멜로/로맨스,15세관람가,일반영화
컨테이젼,스티븐 소더버그,워너브러더스 코리아(주),2011-09-22,장편,미국,226,1782554000,228899,"791,304,500","97,471",액션,12세관람가,일반영화
쓰리데이즈 투 킬,맥지,롯데쇼핑㈜롯데엔터테인먼트,2014-04-03,장편,미국,388,1741058200,228539,"519,245,900","65,105",액션,15세관람가,일반영화
극장판 헬로카봇: 수상한 마술단의 비밀,"최신규,이슬기,정승원",롯데컬처웍스(주)롯데엔터테인먼트,2022-09-28,장편,한국,790,2140400817,228380,"364,646,739","37,819",애니메이션,전체관람가,일반영화
극장판 도라에몽: 진구의 공룡대탐험,와타나베 아유무,대원미디어(주),2009-07-15,장편,일본,135,1481894577,228143,"352,907,500","51,838",애니메이션,전체관람가,일반영화
캐빈 인 더 우즈,드류 고다드,롯데쇼핑㈜롯데엔터테인먼트,2012-06-28,장편,미국,288,1710273500,228090,"625,231,000","79,749",공포(호러),청소년관람불가,일반영화
일곱난쟁이,헤랄드 지페르만,플러스엠 엔터테인먼트,2014-12-24,장편,독일,263,1622195700,227586,"336,490,100","44,566",애니메이션,전체관람가,일반영화
바빌론 A.D.,마티유 카소비츠,이십세기폭스코리아(주),2008-10-02,장편,미국,163,1483575500,227354,"463,151,000","68,002",SF,12세관람가,일반영화
캐시트럭,가이 리치,(주)스튜디오 산타클로스엔터테인먼트,2021-06-09,장편,미국,938,2157864790,227065,"637,801,460","65,722",액션,청소년관람불가,일반영화
딥,줄리오 소토 거피드,(주)이수C&E,2017-10-03,장편,기타,441,1746940500,226933,"349,568,900","43,492",애니메이션,전체관람가,독립/예술영화
크루즈 패밀리: 뉴 에이지,조엘 크로포드,유니버설픽쳐스인터내셔널 코리아(유),2021-05-05,장편,미국,1082,1987680700,226358,"438,008,040","48,530",애니메이션,전체관람가,일반영화
4.4.4,롤랑 조페,(주)쇼박스,2007-06-20,장편,미국,0,0,226112,0,"71,692",범죄,청소년관람불가,일반영화
극장판 루팡 3세 VS 명탐정 코난,카메가키 하지메,(주)씨제이이엔엠,2014-05-29,장편,일본,327,1585872205,225842,"272,598,605","37,324",애니메이션,12세관람가,일반영화
해변의 여인,홍상수,(주)미로비젼,2006-08-31,장편,한국,0,0,225388,0,"75,997",드라마,15세관람가,독립/예술영화
잡스,조슈아 마이클 스턴,(주)넥스트엔터테인먼트월드(NEW),2013-08-29,장편,미국,402,1594113136,225146,"713,943,636","96,230",드라마,12세관람가,일반영화
가필드 2,팀 힐,이십세기폭스코리아(주),2006-07-27,장편,미국,0,0,224893,0,"66,580",애니메이션,전체관람가,일반영화
분노의 윤리학,박명랑,롯데쇼핑㈜롯데엔터테인먼트,2013-02-21,장편,한국,302,1654554000,224891,"516,562,000","68,651",스릴러,청소년관람불가,일반영화
괴물의 아이,호소다 마모루,CGV아트하우스,2015-11-25,장편,일본,363,1665251116,224849,"545,626,716","70,530",애니메이션,12세관람가,일반영화
젠틀맨,김경원,플러스엠 엔터테인먼트,2022-12-28,장편,한국,751,2117120503,224711,"602,272,075","62,895",범죄,15세관람가,일반영화
한공주,이수진,CGV아트하우스,2014-04-17,장편,한국,226,1780640800,224452,"576,752,300","70,103",드라마,청소년관람불가,독립/예술영화
피아니스트,로만 폴란스키,(주)씨네월드,2003-01-01,장편,프랑스,0,0,224304,0,"127,202",드라마,12세관람가,독립/예술영화
내츄럴시티,민병천,(주)튜브엔터테인먼트,2003-09-26,장편,한국,0,0,224182,0,"86,531",SF,15세관람가,일반영화
메리 포핀스 리턴즈,롭 마샬,월트디즈니컴퍼니코리아 유한책임회사,2019-02-14,장편,미국,573,1816281960,224160,"816,286,900","97,070",판타지,전체관람가,일반영화
큐브 2,안드레이 세큘라,(주)시네마서비스,2003-01-24,장편,기타,0,0,224070,0,"83,285",범죄,15세관람가,일반영화
원더풀 데이즈,김문생,(주)에이원엔터테인먼트,2003-07-17,장편,한국,0,0,224000,0,"140,080",애니메이션,청소년관람불가,일반영화
12 솔져스,니콜라이 퓰시,(주)제이앤씨미디어그룹,2018-01-31,장편,미국,211,1833626400,223740,"597,547,500","70,049",액션,15세관람가,독립/예술영화
록키 발보아,실베스터 스탤론,이십세기폭스필름코퍼레이션,2007-02-14,장편,미국,0,0,223666,0,"68,830",드라마,12세관람가,일반영화
남남북녀,정초신,(주)튜브엔터테인먼트,2003-08-29,장편,한국,0,0,223503,0,"55,246",코미디,12세관람가,일반영화
이스케이프 룸 2: 노 웨이 아웃,애덤 로비텔,소니픽쳐스엔터테인먼트코리아주식회사극장배급지점,2021-07-14,장편,미국,728,2219351090,223313,"515,715,560","51,619",액션,15세관람가,일반영화
맛있는 섹스 그리고 사랑,봉만대,코리아픽쳐스(주),2003-06-27,장편,한국,0,0,223000,0,"75,000",드라마,청소년관람불가,일반영화
알파 앤 오메가,"안소니 벨,벤 글럭",(주)넥스트엔터테인먼트월드(NEW),2011-02-24,장편,미국,230,1685788500,222953,"332,960,000","41,008",애니메이션,전체관람가,일반영화
일라이,"알렌 휴즈,알버트 휴즈",(주)쇼박스,2010-04-15,장편,미국,252,1661141088,222927,"532,299,500","67,913",액션,15세관람가,일반영화
냉정과 열정사이,나카에 이사무,하준사,2003-10-10,장편,일본,0,0,222860,0,"131,721",멜로/로맨스,15세관람가,일반영화
마마,최익환,롯데쇼핑㈜롯데엔터테인먼트,2011-06-01,장편,한국,269,1533830500,222731,"427,065,500","59,189",드라마,12세관람가,일반영화
코렐라인: 비밀의 문,헨리 셀릭,기타,2009-05-21,장편,미국,251,1448857479,222594,"416,997,000","58,692",애니메이션,전체관람가,일반영화
시,이창동,(주)넥스트엔터테인먼트월드(NEW),2010-05-13,장편,한국,171,1567857053,222017,"812,330,850","111,181",드라마,15세관람가,독립/예술영화
가족의 탄생,김태용,롯데쇼핑㈜롯데엔터테인먼트,2006-05-18,장편,한국,0,0,221925,0,"75,078",드라마,15세관람가,독립/예술영화
헤라클레스 : 레전드 비긴즈,레니 할린,(주)넥스트엔터테인먼트월드(NEW),2014-04-10,장편,미국,390,1662172151,221327,"493,617,151","63,145",액션,15세관람가,일반영화
노미오와 줄리엣,캘리 애스버리,(주)쇼박스,2011-04-14,장편,영국,291,1937118000,221176,"545,159,500","56,632",애니메이션,전체관람가,일반영화
라이어,김경형,(주)씨제이이엔엠,2004-04-23,장편,한국,0,0,220531,0,"65,843",코미디,청소년관람불가,일반영화
우리 집에 왜 왔니,황수아,롯데쇼핑㈜롯데엔터테인먼트,2009-04-09,장편,한국,211,1427488305,219962,"490,008,000","72,204",드라마,15세관람가,일반영화
언프렌디드: 친구삭제,레오 가브리아제,유니버설픽쳐스인터내셔널 코리아(유),2015-05-07,장편,미국,386,1643911941,219678,"347,479,141","45,233",공포(호러),15세관람가,일반영화
노아의 방주: 남겨진 녀석들,토비 젠켈,씨네그루(주)다우기술,2015-04-30,장편,독일,436,1586417300,219621,"362,928,700","48,437",애니메이션,전체관람가,일반영화
명탐정 코난: 감청의 권,나가오카 치카,(주)씨제이이엔엠,2019-07-24,장편,일본,602,1740310530,219078,"406,727,890","48,968",애니메이션,12세관람가,일반영화
패스트 앤 퓨리어스 도쿄 드리프트,저스틴 린,UIP코리아,2006-07-20,장편,미국,0,0,218381,0,"76,096",액션,12세관람가,일반영화
수,최양일,(주)시네마서비스,2007-03-22,장편,한국,0,0,218314,0,"52,993",액션,청소년관람불가,일반영화
언데드,데이빗 S. 고이어,유니버설픽쳐스인터내셔널 코리아(유),2009-02-26,장편,미국,171,1449559974,217924,"403,070,000","56,935",공포(호러),15세관람가,일반영화
1급기밀,홍기선,(주)리틀빅픽쳐스,2018-01-24,장편,한국,512,1720083300,217803,"406,282,500","50,330",드라마,12세관람가,일반영화
50가지 그림자: 해방,제임스 폴리,유니버설픽쳐스인터내셔널 코리아(유),2018-02-21,장편,미국,213,1866384500,217785,"650,566,700","75,135",드라마,청소년관람불가,일반영화
나는 공무원이다,구자홍,(주)넥스트엔터테인먼트월드(NEW),2012-07-12,장편,한국,278,1535913500,217493,"429,380,000","57,654",코미디,전체관람가,일반영화
속닥속닥,최상훈,(주)그노스,2018-07-13,장편,한국,314,1900914300,217444,"342,387,100","36,960",공포(호러),15세관람가,일반영화
짱구는 못말려 극장판:태풍을 부르는 나와 우주의 프린세스,마스이 소이치,롯데쇼핑㈜롯데엔터테인먼트,2013-04-25,장편,일본,290,1430168500,217320,"254,199,000","36,672",애니메이션,전체관람가,일반영화
메카닉,사이먼 웨스트,씨너스엔터테인먼트(주),2011-02-24,장편,미국,226,1666463000,217077,"461,222,500","56,874",드라마,청소년관람불가,일반영화
프리즌 이스케이프,기타,(주)이놀미디어,2020-05-06,장편,영국,328,1848297600,217056,"556,477,740","63,837",어드벤처,12세관람가,독립/예술영화
사랑할 때 이야기하는 것들,변승욱,(주)시네마서비스,2006-11-30,장편,한국,0,0,216876,0,"76,998",멜로/로맨스,15세관람가,일반영화
원피스 필름 골드,미야모토 히로아키,(주)씨제이이엔엠,2016-12-08,장편,일본,445,1707251100,216861,"392,628,800","47,051",애니메이션,12세관람가,일반영화
송 포 유,폴 앤드류 윌리엄스,(주)넥스트엔터테인먼트월드(NEW),2013-04-18,장편,영국,317,1484169000,216852,"588,610,500","84,339",코미디,12세관람가,일반영화
지구,"알래스테어 포더길,마크 린필드",(주)엠플러스픽쳐스,2008-09-04,장편,영국,181,1351632500,216755,"534,407,500","80,990",다큐멘터리,전체관람가,독립/예술영화
페넬로피,마크 팔란스키,(주)씨제이이엔엠,2008-05-15,장편,미국,148,1399298333,216703,"648,849,333","96,444",코미디,12세관람가,일반영화
그린랜턴: 반지의 선택,마틴 캠벨,워너브러더스 코리아(주),2011-06-16,장편,미국,345,1651783500,216676,"572,042,000","71,758",SF,12세관람가,일반영화
빙우,김은숙,(주)쇼박스,2004-01-16,장편,한국,0,0,216676,0,"81,040",드라마,12세관람가,일반영화
케로로 더 무비: 드래곤 워리어,"사토 준이치,야마구치 스스무",에이원엔터테인먼트,2009-04-30,장편,일본,125,1291833933,216487,"273,320,000","44,097",애니메이션,전체관람가,일반영화
극장판 뽀로로와 친구들: 바이러스를 없애줘!,박영균,(주)넥스트엔터테인먼트월드(NEW),2022-12-01,장편,한국,380,1947300500,216068,"362,588,000","38,126",애니메이션,전체관람가,일반영화
루돌프와 많이있어,"유야마 쿠니히코,사카키바라 모토노리",(주)씨제이이엔엠,2016-12-28,장편,일본,375,1627646800,215993,"283,106,600","35,318",애니메이션,전체관람가,일반영화
나는 비와 함께 간다,트란 안 홍,(주)씨제이이엔엠,2009-10-15,장편,프랑스,220,1641619990,215362,"629,834,000","79,046",범죄,청소년관람불가,일반영화
극장판 요괴워치: 하늘을 나는 고래와 더블세계다냥!,"우시로 신지,요코이 타케시",(주)씨제이이엔엠,2017-09-27,장편,일본,486,1581375300,215203,"302,166,700","39,494",애니메이션,전체관람가,일반영화
벽 속에 숨은 마법시계,일라이 로스,CGV아트하우스,2018-10-31,장편,미국,609,1654715300,215029,"461,680,100","57,500",판타지,전체관람가,일반영화
허리케인 하이스트,롭 코헨,(주)넥스트엔터테인먼트월드(NEW),2018-03-14,장편,미국,544,1730262848,214949,"406,693,648","49,348",액션,15세관람가,일반영화
라듸오 데이즈,하기호,(주)싸이더스,2008-01-31,장편,한국,254,1405676000,214946,"562,068,500","82,637",코미디,12세관람가,일반영화
독수리 에디,덱스터 플레처,이십세기폭스코리아(주),2016-04-07,장편,미국,528,1699642120,214003,"629,422,120","76,061",드라마,12세관람가,일반영화
한 솔로: 스타워즈 스토리,론 하워드,월트디즈니컴퍼니코리아 유한책임회사,2018-05-24,장편,미국,569,1964276778,213980,"778,382,478","79,048",액션,12세관람가,일반영화
"극장판 포켓몬스터: 정글의 아이, 코코",야지마 테츠오,(주)넥스트엔터테인먼트월드(NEW),2021-09-15,장편,일본,699,1941940320,213913,"344,498,600","36,151",애니메이션,전체관람가,일반영화
매트릭스: 리저렉션,라나 워쇼스키,워너브러더스 코리아(주),2021-12-22,장편,미국,970,2121245270,213693,"792,315,420","77,491",액션,15세관람가,일반영화
말리와 나,데이빗 프랭클,이십세기폭스코리아(주),2009-02-19,장편,미국,209,1437267652,213500,"671,573,000","95,741",드라마,12세관람가,일반영화
비커밍 제인,줄리언 재롤드,(주)팝엔터테인먼트,2007-10-11,장편,미국,0,0,213487,0,"93,530",드라마,12세관람가,일반영화
스파이 키드 3D,로버트 로드리게즈,(주)씨제이이엔엠,2004-02-13,장편,미국,0,0,213051,0,"57,785",액션,전체관람가,일반영화
앙코르,제임스 맨골드,이십세기폭스코리아(주),2006-03-09,장편,미국,0,0,212902,0,"101,932",드라마,15세관람가,일반영화
"대한이, 민국씨",최진원,롯데쇼핑㈜롯데엔터테인먼트,2008-02-14,장편,한국,174,1192710500,212854,"243,088,500","42,542",코미디,15세관람가,일반영화
성질 죽이기,피터 시걸,콜럼비아트라이스타,2003-06-05,장편,미국,0,0,212842,0,"102,433",코미디,15세관람가,일반영화
아이 엠 어 히어로,사토 신스케,(주)영화사 빅,2016-09-21,장편,일본,263,1806714900,212599,"510,901,800","59,348",액션,청소년관람불가,독립/예술영화
조제,김종관,워너브러더스 코리아(주),2020-12-10,장편,한국,1179,1896675540,212439,"480,504,490","53,916",멜로/로맨스,15세관람가,일반영화
"극장판 파워레인저 다이노포스VS고버스터즈 공룡 대결전! ~안녕, 영원한 친구여!~",사카모토 코이치,(주)이수C&E,2014-10-02,장편,일본,363,1546944100,212368,"287,770,800","37,612",액션,전체관람가,일반영화
연애의 맛,김아론,(주)와우픽쳐스,2015-05-07,장편,한국,398,1706805153,212154,"382,376,253","45,698",멜로/로맨스,청소년관람불가,일반영화
러블리 본즈,피터 잭슨,(주)씨제이이엔엠,2010-02-25,장편,미국,225,1572420641,212035,"630,758,500","80,832",범죄,15세관람가,일반영화
킬위드미,그레고리 호블릿,(주)엠플러스픽쳐스,2008-04-17,장편,미국,209,1420604500,211740,"472,931,500","66,692",범죄,청소년관람불가,일반영화
13일의 금요일,마커스 니스펠,(주)씨제이이엔엠,2009-03-12,장편,미국,138,1489929119,211290,"536,425,500","72,620",공포(호러),청소년관람불가,일반영화
커런트 워,알폰소 고메즈-레존,(주)이수C&E,2019-08-22,장편,미국,276,1817540600,210945,"642,885,200","73,638",드라마,12세관람가,독립/예술영화
내니맥피 2: 유모와마법소동,수잔나 화이트,유니버설픽쳐스인터내셔널 코리아(유),2010-08-11,장편,미국,59,1378611255,210493,"310,209,000","44,542",가족,전체관람가,독립/예술영화
자칼이 온다,배형준,롯데쇼핑㈜롯데엔터테인먼트,2012-11-15,장편,한국,300,1430079500,210278,"457,094,500","62,744",코미디,15세관람가,일반영화
링2(2005),나카타 히데오,(주)씨제이이엔엠,2005-06-03,장편,미국,0,0,210021,0,"59,894",공포(호러),15세관람가,일반영화
코코 샤넬,앤 폰테인,에스케이텔레콤(주),2009-08-27,장편,프랑스,235,1559386698,210018,"729,788,000","93,714",드라마,15세관람가,독립/예술영화
어톤먼트,조 라이트,유니버설픽쳐스인터내셔널 코리아(유),2008-02-21,장편,미국,132,1361527833,209673,"688,748,333","103,281",멜로/로맨스,15세관람가,일반영화
눈의 여왕4,"로버트 렌스,알렉세이 트시칠린",(주)넥스트엔터테인먼트월드(NEW),2019-12-24,장편,기타,541,1470304580,209120,"307,751,640","59,441",애니메이션,전체관람가,일반영화
한나,조 라이트,한국소니픽쳐스릴리징브에나비스타영화㈜,2011-04-14,장편,미국,269,1570759500,208912,"593,673,000","74,774",액션,15세관람가,일반영화
철없는 그녀의 아찔한 연애코치,마이클 레만,㈜스튜디오이쩜영,2007-04-05,장편,미국,0,0,208907,0,"90,315",코미디,15세관람가,일반영화
카오스,토니 기글리오,(주)싸이더스,2009-03-26,장편,영국,175,1377938904,208094,"385,832,000","54,902",액션,15세관람가,일반영화
베드타임 스토리,아담 쉥크만,한국소니픽쳐스릴리징브에나비스타영화㈜,2009-01-22,장편,미국,213,1320936074,208054,"455,144,500","68,505",코미디,전체관람가,일반영화
아버지의 깃발,클린트 이스트우드,워너브러더스 코리아(주),2007-02-15,장편,미국,0,0,207500,0,"89,544",드라마,15세관람가,일반영화
덕수리 5형제,전형준,롯데쇼핑㈜롯데엔터테인먼트,2014-12-04,장편,한국,346,1560183200,206953,"363,798,600","45,578",코미디,15세관람가,일반영화
테드: 황금도시 파이티티를 찾아서,엔리케 가토,(주)싸이더스,2012-09-20,장편,기타,301,1453568500,206320,"301,793,000","39,814",애니메이션,전체관람가,일반영화
코알라 키드 : 영웅의 탄생,이경호,롯데쇼핑㈜롯데엔터테인먼트,2012-01-12,장편,한국,234,1434535500,205579,"344,989,500","48,695",애니메이션,전체관람가,일반영화
헬보이,길예르모 델 토로,한국소니픽쳐스릴리징브에나비스타영화㈜,2004-08-20,장편,미국,0,0,205284,0,"57,221",SF,15세관람가,일반영화
버드맨,알레한드로 곤잘레스 이냐리투,이십세기폭스코리아(주),2015-03-05,장편,미국,380,1653103800,204742,"855,370,200","103,328",코미디,청소년관람불가,일반영화
드림캐쳐,로렌스 캐스단,워너브러더스 코리아(주),2003-05-08,장편,미국,0,0,204100,0,"83,400",SF,15세관람가,일반영화
남과 여,이윤기,(주)쇼박스,2016-02-25,장편,한국,449,1651122533,203775,"598,578,633","72,223",멜로/로맨스,청소년관람불가,일반영화
프린스 코기,벤 스타센,(주)이수C&E,2019-12-24,장편,기타,455,1525167980,203775,"379,274,680","53,364",애니메이션,전체관람가,독립/예술영화
비포 미드나잇,리차드 링클레이터,(주)까멜리아이엔티,2013-05-22,장편,미국,275,1485276000,203476,"996,508,000","132,425",멜로/로맨스,청소년관람불가,일반영화
어쌔신: 더 비기닝,마이클 쿠에스타,(주)이수C&E,2017-12-07,장편,미국,528,1576721000,203221,"427,713,600","53,797",액션,15세관람가,일반영화
구미호 가족,이형곤,(주)엠케이픽처스,2006-09-28,장편,한국,0,0,202990,0,"58,904",코미디,15세관람가,일반영화
원 데이,론 쉐르픽,(주)영화사 그램,2012-12-13,장편,미국,236,1492933500,202805,"891,577,500","117,983",드라마,15세관람가,독립/예술영화
요로나의 저주,마이클 차베즈,워너브러더스 코리아(주),2019-04-17,장편,미국,620,1784935221,202756,"488,301,731","53,881",공포(호러),15세관람가,일반영화
짱구는 못말려 극장판: 나의 이사 이야기 선인장 대습격,하시모토 마사카즈,(주)넥스트엔터테인먼트월드(NEW),2016-01-07,장편,일본,350,1472866700,202538,"262,506,300","34,932",애니메이션,전체관람가,일반영화
굿모닝 에브리원,로저 미첼,(주)씨제이이엔엠,2011-03-17,장편,미국,144,1560339000,202148,"880,548,500","111,845",드라마,15세관람가,일반영화
엘렉트라,롭 보우먼,이십세기폭스필름코퍼레이션,2005-01-21,장편,미국,0,0,202020,0,"68,400",액션,15세관람가,일반영화
비스트,이정호,(주)넥스트엔터테인먼트월드(NEW),2019-06-26,장편,한국,737,1596148590,202007,"393,815,760","47,676",범죄,15세관람가,일반영화
사토라레,모토히로 카츠유키,(주)시네마서비스,2003-11-21,장편,일본,0,0,201550,0,"97,824",드라마,전체관람가,일반영화
발레리나,"에릭 섬머,에릭 와린",판씨네마(주),2017-02-09,장편,프랑스,434,1509668400,201365,"370,927,500","46,384",애니메이션,전체관람가,일반영화
참을 수 없는 사랑,조엘 코엔,UIP코리아,2003-10-31,장편,미국,0,0,201300,0,"119,251",멜로/로맨스,15세관람가,일반영화
인 굿 컴퍼니,폴 웨이츠,스폰지,2005-08-26,장편,미국,0,0,200393,0,"112,180",코미디,15세관람가,일반영화
페스티발,이해영,(주)시너지하우스 (시너지),2010-11-18,장편,한국,233,1541834737,200123,"533,152,500","65,753",코미디,청소년관람불가,일반영화
언더월드 4: 어웨이크닝,"만스 말린드,비욘 스테인",한국소니픽쳐스릴리징브에나비스타영화㈜,2012-02-22,장편,미국,343,1861948000,200038,"631,732,500","62,716",액션,청소년관람불가,일반영화
닌자거북이 TMNT,케빈 먼로,롯데쇼핑㈜롯데엔터테인먼트,2007-04-25,장편,미국,0,0,200016,0,"51,692",액션,전체관람가,일반영화
꼬마 니콜라,로랑 티라르,(주)프라임엔터테인먼트,2010-01-28,장편,프랑스,168,1365849896,199851,"458,549,500","63,324",가족,전체관람가,일반영화
극장판 짱구는 못말려: 격돌! 낙서왕국과 얼추 네 명의 용사들,쿄고쿠 타카히코,(주)씨제이이엔엠,2021-09-15,장편,일본,593,1896872490,199726,"268,671,600","26,711",애니메이션,전체관람가,일반영화
원피스 필름 레드,타니구치 고로,(주)넥스트엔터테인먼트월드(NEW),2022-11-30,장편,일본,550,2131423768,199302,"621,080,661","55,080",애니메이션,12세관람가,일반영화
"안녕, 티라노: 영원히, 함께",시즈노 코분,(주)넥스트엔터테인먼트월드(NEW),2019-08-14,장편,한국,512,1553219230,199240,"279,466,440","33,262",애니메이션,전체관람가,독립/예술영화
연의 황후,정소동,(주)씨제이이엔엠,2008-04-09,장편,기타,222,1283731833,199200,"339,217,833","50,154",사극,15세관람가,일반영화
도레미파솔라시도,강건향,(주)시네마서비스,2008-04-03,장편,한국,167,1182401000,199151,"216,065,500","35,648",드라마,12세관람가,일반영화
검은 물밑에서,나카타 히데오,기타,2003-02-21,장편,일본,0,0,198824,0,"70,158",공포(호러),12세관람가,일반영화
"지금, 만나러 갑니다",도이 노부히로,(주)디스테이션,2005-03-25,장편,일본,0,0,198809,0,"76,312",드라마,청소년관람불가,독립/예술영화
블루,이정국,에이라인,2003-02-07,장편,한국,0,0,198500,0,"62,236",드라마,15세관람가,일반영화
프라임 러브,벤 영거,(주)튜브엔터테인먼트,2005-12-08,장편,미국,0,0,198240,0,"99,120",코미디,15세관람가,일반영화
콜 미 바이 유어 네임,루카 구아다니노,(주)디스테이션,2018-03-22,장편,기타,192,1657199988,198229,"942,717,288","110,327",드라마,청소년관람불가,독립/예술영화
어린 의뢰인,장규성,롯데컬처웍스(주)롯데엔터테인먼트,2019-05-22,장편,한국,671,1631919600,198211,"384,717,140","45,008",드라마,12세관람가,일반영화
스텝포드 와이프,프랭크 오즈,(주)씨제이이엔엠,2004-10-01,장편,미국,0,0,198111,0,"102,606",코미디,15세관람가,일반영화
바빌론,데이미언 셔젤,롯데컬처웍스(주)롯데엔터테인먼트,2023-02-01,장편,미국,852,1981538862,198100,"890,256,997","86,971",드라마,청소년관람불가,일반영화
엄마,구성주,영화사청어람(주),2005-04-07,장편,한국,0,0,197793,0,"47,088",드라마,전체관람가,일반영화
방콕 데인저러스,"옥사이드 팽 천,대니 팽",(주)싸이더스,2008-09-11,장편,미국,183,1298743667,197747,"373,846,167","53,704",액션,15세관람가,일반영화
첼로-홍미주 일가 살인사건,이우철,(주)튜브엔터테인먼트,2005-08-18,장편,한국,0,0,197678,0,"50,018",공포(호러),15세관람가,일반영화
콜드 마운틴,안소니 밍겔라,한국소니픽쳐스릴리징브에나비스타영화㈜,2004-02-20,장편,미국,0,0,197465,0,"89,750",전쟁,15세관람가,일반영화
코쿠리코 언덕에서,미야자키 고로,(주)씨제이이엔엠,2011-09-29,장편,일본,227,1409395900,197408,"576,139,900","76,345",애니메이션,12세관람가,일반영화
엣지 오브 다크니스,마틴 캠벨,(주)넥스트엔터테인먼트월드(NEW),2010-06-02,장편,영국,235,1441948678,197296,"456,577,000","59,143",범죄,15세관람가,일반영화
스누피: 더 피너츠 무비,스티브 마티노,이십세기폭스코리아(주),2015-12-24,장편,미국,348,1505929300,197238,"501,494,700","62,903",애니메이션,전체관람가,일반영화
언니,임경택,(주)제이앤씨미디어그룹,2019-01-01,장편,한국,530,1746373250,197134,"360,066,100","40,427",액션,청소년관람불가,일반영화
블랙북,폴 버호벤,(주)프라임엔터테인먼트,2007-03-29,장편,기타,0,0,196755,0,"76,309",드라마,청소년관람불가,일반영화
사일런트 힐,크리스토프 갱스,(주)미로비젼,2006-11-09,장편,미국,0,0,196405,0,"71,454",공포(호러),청소년관람불가,일반영화
그린 호넷,미셸 공드리,한국소니픽쳐스릴리징브에나비스타영화㈜,2011-01-27,장편,미국,316,2152644900,195933,"884,955,500","78,399",드라마,15세관람가,일반영화
러브 인 맨하탄,웨인 왕,콜럼비아트라이스타,2003-03-21,장편,미국,0,0,195913,0,"94,731",멜로/로맨스,12세관람가,일반영화
모노노케 히메,미야자키 하야오,월트디즈니코리아㈜,2003-04-25,장편,일본,0,0,195630,0,"91,785",애니메이션,전체관람가,독립/예술영화
문폴,롤랜드 에머리히,(주)누리픽쳐스,2022-03-16,장편,미국,1174,1962767300,195344,"594,958,230","57,054",액션,12세관람가,일반영화
극장판 포켓몬스터 모두의 이야기,야지마 테츠오,(주)이수C&E,2018-12-19,장편,일본,493,1523609950,194692,"307,295,100","38,158",애니메이션,전체관람가,일반영화
미러,알렉산더 아야,이십세기폭스코리아(주),2008-09-18,장편,미국,204,1331646500,193815,"487,016,500","66,812",공포(호러),청소년관람불가,일반영화
투혼,김상진,(주)시너지하우스 (시너지),2011-10-06,장편,한국,356,1336010500,193724,"351,391,000","47,396",드라마,전체관람가,일반영화
"무현, 두 도시 이야기",전인환,(주)모멘텀엔터테인먼트,2016-10-26,장편,한국,66,1517735100,193578,"521,021,200","63,745",다큐멘터리,15세관람가,독립/예술영화
언더독,"오성윤,이춘백",(주)넥스트엔터테인먼트월드(NEW),2019-01-16,장편,한국,612,1485934830,193484,"420,191,450","50,913",애니메이션,전체관람가,일반영화
밀리언즈,대니 보일,(주)씨제이이엔엠,2005-05-04,장편,영국,0,0,193143,0,"67,976",코미디,전체관람가,일반영화
덤 앤 더머 투,"바비 패럴리,피터 패럴리",씨네그루(주)다우기술,2014-11-27,장편,미국,343,1436861585,192726,"506,173,585","65,151",코미디,15세관람가,일반영화
죽어도 해피엔딩,강경훈,(주)프라임엔터테인먼트,2007-08-22,장편,한국,0,0,192686,0,"57,292",코미디,15세관람가,일반영화
디어 존,라세 할스트롬,(주)화앤담이엔티,2010-03-04,장편,미국,262,1440264401,192530,"549,945,500","70,021",드라마,12세관람가,일반영화
응징자,신동엽,(주)인벤트스톤,2013-10-30,장편,한국,305,1388412500,192347,"364,187,000","48,291",액션,청소년관람불가,일반영화
나미야 잡화점의 기적,히로키 류이치,(주)이수C&E,2018-02-28,장편,일본,532,1455461885,191880,"458,198,585","57,998",판타지,전체관람가,독립/예술영화
쥴리의 육지 대모험,구 안 호,(주)싸이더스,2011-09-08,장편,미국,192,1295342000,191783,"244,822,000","33,490",애니메이션,전체관람가,일반영화
공필두,공정식,(주)쇼박스,2006-05-11,장편,한국,0,0,191061,0,"34,717",코미디,15세관람가,일반영화
보이후드,리차드 링클레이터,유니버설픽쳐스인터내셔널 코리아(유),2014-10-23,장편,미국,219,1468359718,190893,"757,583,018","95,486",드라마,15세관람가,독립/예술영화
컬러풀 웨딩즈,필립 드 쇼브홍,(주)이수C&E,2014-10-16,장편,프랑스,343,1455808980,190384,"595,118,380","74,982",코미디,12세관람가,일반영화
검객,최재훈,(주)키위미디어그룹,2020-09-23,장편,한국,832,1619781870,190237,"315,861,680","36,965",액션,15세관람가,일반영화
더 버터플라이,마이크 베이커,롯데쇼핑㈜롯데엔터테인먼트,2007-11-08,장편,영국,0,0,190110,0,"61,537",스릴러,15세관람가,일반영화
업그레이드,리 워넬,유니버설픽쳐스인터내셔널 코리아(유),2018-09-06,장편,미국,220,1740245800,189948,"518,659,400","55,677",액션,15세관람가,일반영화
50가지 그림자: 심연,제임스 폴리,유니버설픽쳐스인터내셔널 코리아(유),2017-02-09,장편,미국,435,1589180900,189620,"583,553,000","67,787",드라마,청소년관람불가,일반영화
골든 에이지,세자르 카푸르,유니버설픽쳐스인터내셔널 코리아(유),2007-11-22,장편,영국,0,0,189348,0,"74,482",드라마,12세관람가,일반영화
글로리데이,최정열,(주)엣나인필름,2016-03-24,장편,한국,494,1484010868,189047,"451,492,668","54,491",드라마,15세관람가,독립/예술영화
커넥트,진목승,에스케이텔레콤(주),2008-11-20,장편,기타,202,1145569333,188807,"359,862,833","57,299",액션,15세관람가,일반영화
앵그리 버드 2: 독수리 왕국의 침공,서럽 밴 오먼,소니픽쳐스엔터테인먼트코리아주식회사극장배급지점,2019-08-07,장편,미국,512,1432145073,188365,"262,775,033","32,734",애니메이션,전체관람가,일반영화
프리즈너스,드니 빌뇌브,(주)넥스트엔터테인먼트월드(NEW),2013-10-02,장편,미국,297,1362962500,186460,"587,294,000","76,845",범죄,청소년관람불가,일반영화
런닝맨 : 풀룰루의 역습,윤준상,(주)넥스트엔터테인먼트월드(NEW),2018-12-05,장편,한국,511,1414494750,186324,"233,597,650","28,810",애니메이션,전체관람가,일반영화
나의 특별한 사랑이야기,아담 브룩스,유니버설픽쳐스인터내셔널 코리아(유),2008-04-09,장편,미국,142,1166701500,186234,"560,627,000","87,923",코미디,15세관람가,일반영화
기생수 파트1,야마자키 타카시,판씨네마(주),2015-02-26,장편,일본,247,1534923185,186184,"438,111,585","51,401",스릴러,청소년관람불가,일반영화
팬,조 라이트,워너브러더스 코리아(주),2015-10-08,장편,미국,428,1422971592,185960,"436,454,392","53,867",판타지,전체관람가,일반영화
사라진 시간,정진영,(주)에이스메이커무비웍스,2020-06-18,장편,한국,874,1651188580,185653,"388,762,580","43,314",미스터리,15세관람가,일반영화
해피 피트 2,조지 밀러,워너브러더스 코리아(주),2012-02-02,장편,기타,315,1459727000,185420,"414,212,500","48,493",애니메이션,전체관람가,일반영화
플라이 미 투 더 문,벤 스타센,(주)시너지하우스 (시너지),2008-10-30,장편,기타,146,1169112492,185339,"292,153,500","40,250",애니메이션,전체관람가,일반영화
웰컴 투 콜린우드,"안소니 루소,조 루소",에이라인,2003-01-17,장편,미국,0,0,185324,0,"73,826",코미디,15세관람가,일반영화
더 셰프,존 웰스,(주)이수C&E,2015-11-05,장편,미국,409,1471118148,185080,"630,704,148","76,823",드라마,15세관람가,일반영화
롱 샷,조나단 레빈,TCO(주)더콘텐츠온,2019-07-24,장편,미국,454,1622789797,184796,"756,409,017","85,515",코미디,15세관람가,일반영화
저지 걸,케빈 스미스,(주)씨제이이엔엠,2004-04-09,장편,미국,0,0,184049,0,"90,002",멜로/로맨스,12세관람가,일반영화
우상,이수진,CGV아트하우스,2019-03-20,장편,한국,900,1581839728,183784,"534,386,118","59,765",스릴러,15세관람가,일반영화
마이 리틀 히어로,김성훈,(주)씨제이이엔엠,2013-01-09,장편,한국,341,1286203128,183650,"358,976,628","49,040",드라마,전체관람가,일반영화
극장판 포켓몬스터DP - 디아루가 VS 펄기아 VS 다크라이,유야마 쿠니히코,(주)이수C&E,2018-06-06,장편,일본,588,1394555400,183421,"222,643,100","27,844",애니메이션,전체관람가,독립/예술영화
명탐정 코난 : 탐정들의 진혼가,야마모토 야스이치로,(주)씨제이이엔엠,2014-02-13,장편,일본,294,1199693100,182668,"218,392,700","31,453",애니메이션,12세관람가,일반영화
극장판 도라에몽: 진구의 보물섬,이마이 카즈아키,(주)이수C&E,2018-08-15,장편,일본,463,1368372400,182256,"212,102,900","26,827",애니메이션,전체관람가,일반영화
조디악,데이빗 핀처,워너브러더스 코리아(주),2007-08-15,장편,미국,0,0,182050,0,"72,546",범죄,15세관람가,일반영화
바니버디,팀 힐,유니버설픽쳐스인터내셔널 코리아(유),2011-07-20,장편,미국,224,1207951000,181841,"283,924,000","40,511",애니메이션,전체관람가,일반영화
20세기 소년,츠츠미 유키히코,㈜메가박스,2008-09-11,장편,일본,212,1139152167,181649,"482,688,667","72,673",SF,12세관람가,일반영화
엔젤 해즈 폴른,릭 로먼 워,플러스엠 엔터테인먼트,2019-11-13,장편,미국,601,1479789022,181400,"473,592,882","55,235",액션,15세관람가,일반영화
므이,김태경,(주)씨제이이엔엠,2007-07-25,장편,한국,0,0,180999,0,"44,887",공포(호러),15세관람가,일반영화
유령작가,로만 폴란스키,(주)싸이더스,2010-06-02,장편,프랑스,189,1336206483,180826,"552,752,500","71,043",미스터리,15세관람가,독립/예술영화
백악관 최후의 날,안톤 후쿠아,씨너스엔터테인먼트(주),2013-06-05,장편,미국,283,1268117000,180661,"400,500,000","55,246",액션,청소년관람불가,일반영화
해양경찰 마르코,얀 리벡,(주)인벤트스톤,2013-02-14,장편,기타,276,1143045000,180618,"228,714,500","34,508",어드벤처,전체관람가,일반영화
안녕! 유에프오,김진민,(주)튜브엔터테인먼트,2004-01-30,장편,한국,0,0,180513,0,"65,000",드라마,전체관람가,일반영화
로마 위드 러브,우디 알렌,(주)팝엔터테인먼트,2013-04-18,장편,미국,201,1322285801,180486,"878,765,801","116,909",코미디,청소년관람불가,독립/예술영화
127시간,대니 보일,이십세기폭스코리아(주),2011-02-17,장편,미국,233,1333438500,180332,"480,060,000","61,595",드라마,15세관람가,일반영화
뷰티풀 선데이,진광교,(주)쇼박스,2007-03-29,장편,한국,0,0,180178,0,"56,724",스릴러,청소년관람불가,일반영화
레전드,브라이언 헬겔랜드,(주)이수C&E,2015-12-10,장편,프랑스,449,1439444930,180082,"508,529,730","61,257",액션,청소년관람불가,일반영화
쟈니 잉글리쉬,피터 호윗,UIP코리아,2003-06-20,장편,기타,0,0,180022,0,"92,146",코미디,전체관람가,일반영화
크림슨 리버2,올리비에 다한,미디어라인코리아,2005-09-01,장편,프랑스,0,0,180022,0,"5,500",범죄,15세관람가,일반영화
댄 인 러브,피터 헤지스,(주)씨제이이엔엠,2008-03-27,장편,미국,175,1151134167,179680,"566,063,667","85,688",코미디,12세관람가,일반영화
데드 캠프,롭 슈미트,한국소니픽쳐스릴리징브에나비스타영화㈜,2003-08-22,장편,미국,0,0,179411,0,"60,680",공포(호러),청소년관람불가,일반영화
밤쉘: 세상을 바꾼 폭탄선언,제이 로치,(주)홈초이스,2020-07-08,장편,미국,882,1520624340,179393,"670,240,220","77,859",드라마,15세관람가,독립/예술영화
조용한 세상,조의석,(주)프라임엔터테인먼트,2006-12-14,장편,한국,0,0,178434,0,"51,238",드라마,15세관람가,일반영화
오펀: 천사의 탄생,윌리엄 브렌트 벨,메가박스중앙(주),2022-10-12,장편,미국,707,1807207476,177705,"518,641,020","51,976",공포(호러),15세관람가,일반영화
핵소 고지,멜 깁슨,판씨네마(주),2017-02-22,장편,미국,442,1342081900,177601,"470,997,000","60,479",드라마,15세관람가,일반영화
아빠가 여자를 좋아해,이광재,(주)쇼박스,2010-01-14,장편,한국,283,1264356155,177535,"349,074,500","45,922",멜로/로맨스,12세관람가,일반영화
허트 로커,캐서린 비글로우,(주)까멜리아이엔티,2010-04-22,장편,미국,166,1323984967,177509,"603,903,200","77,020",전쟁,15세관람가,독립/예술영화
문라이트,배리 젠킨스,CGV아트하우스,2017-02-22,장편,미국,173,1403639195,177483,"851,030,495","105,926",드라마,15세관람가,독립/예술영화
유전,아리 애스터,(주)팝엔터테인먼트,2018-06-07,장편,미국,422,1560899725,177145,"545,540,325","59,471",공포(호러),15세관람가,일반영화
어바웃 슈미트,알렉산더 페인,콜럼비아트라이스타,2003-03-07,장편,미국,0,0,176948,0,"102,902",드라마,15세관람가,독립/예술영화
겟 스마트,피터 시걸,워너브러더스 코리아(주),2008-06-19,장편,미국,166,1152676500,176852,"506,078,500","74,431",범죄,12세관람가,일반영화
명탐정 코난:은빛 날개의 마술사,야마모토 야스이치로,(주)씨제이이엔엠,2013-01-24,장편,일본,139,1158686500,176483,"210,276,500","31,323",애니메이션,전체관람가,일반영화
더 로드,존 힐코트,에스케이텔레콤(주),2010-01-07,장편,미국,172,1303099693,176152,"535,743,000","69,037",SF,15세관람가,일반영화
채비,조영준,오퍼스픽쳐스(유),2017-11-09,장편,한국,480,1249977864,175889,"320,185,164","43,533",드라마,12세관람가,일반영화
오퍼나지: 비밀의계단,후안 안토니오 바요나,(주)팝엔터테인먼트,2008-02-14,장편,기타,168,1132095000,175588,"447,712,500","65,604",드라마,15세관람가,일반영화
"나는 내일, 어제의 너와 만난다",미키 타카히로,(주)디스테이션,2017-10-12,장편,일본,206,1344639400,175519,"450,954,600","58,106",멜로/로맨스,12세관람가,독립/예술영화
톱스타,박중훈,롯데쇼핑㈜롯데엔터테인먼트,2013-10-24,장편,한국,397,1194180500,175152,"391,021,500","55,093",드라마,15세관람가,일반영화
부활,케빈 레이놀즈,유니버설픽쳐스인터내셔널 코리아(유),2016-03-17,장편,미국,120,1240599600,175146,"416,698,600","56,248",드라마,12세관람가,일반영화
두번할까요,박용집,(주)리틀빅픽쳐스,2019-10-17,장편,한국,658,1449660120,174938,"369,483,800","43,186",코미디,15세관람가,일반영화
업사이드 다운,후안 디에고 솔라나스,롯데쇼핑㈜롯데엔터테인먼트,2012-11-08,장편,기타,309,1225993645,174879,"498,007,145","67,389",SF,12세관람가,일반영화
택시: 더 멕시멈,팀 스토리,이십세기폭스필름코퍼레이션,2004-11-17,장편,미국,0,0,174610,0,"49,510",액션,12세관람가,일반영화
언니가 간다,김창래,(주)시네마서비스,2007-01-04,장편,한국,0,0,174543,0,"45,621",코미디,12세관람가,일반영화
론 서바이버,피터 버그,유니버설픽쳐스인터내셔널 코리아(유),2014-04-02,장편,미국,305,1310414120,173678,"366,057,320","46,564",액션,15세관람가,일반영화
찰리윌슨의 전쟁,마이크 니콜스,유니버설픽쳐스인터내셔널 코리아(유),2008-02-06,장편,미국,150,1138316611,173263,"485,977,611","71,543",코미디,15세관람가,일반영화
어느 가족,고레에다 히로카즈,(주)티캐스트,2018-07-26,장편,일본,126,1430044900,173010,"892,557,000","104,979",드라마,15세관람가,독립/예술영화
발렌타인 데이,게리 마샬,워너브러더스 코리아(주),2010-02-11,장편,미국,200,1337699931,172997,"708,218,500","88,323",멜로/로맨스,15세관람가,일반영화
방법: 재차의,김용완,(주)씨제이이엔엠,2021-07-28,장편,한국,838,1542513510,172969,"347,753,420","38,779",미스터리,15세관람가,일반영화
손님은 왕이다,오기현,(주)시네마서비스,2006-02-23,장편,한국,0,0,172693,0,"57,910",드라마,청소년관람불가,일반영화
아빠를 빌려드립니다,김덕수,플러스엠 엔터테인먼트,2014-11-20,장편,한국,326,1188673500,172445,"320,981,200","44,487",코미디,12세관람가,일반영화
엑소시즘 오브 에밀리 로즈,스콧 데릭슨,소니픽쳐스릴리징코리아,2006-04-13,장편,미국,0,0,172380,0,"47,663",공포(호러),12세관람가,일반영화
자전차왕 엄복동,김유성,(주)셀트리온엔터테인먼트,2019-02-27,장편,한국,624,1304861670,172212,"349,815,310","44,630",드라마,12세관람가,일반영화
사마리아,김기덕,쇼이스트(주),2004-03-05,장편,한국,0,0,172000,0,"61,972",드라마,청소년관람불가,독립/예술영화
조이,데이빗 O. 러셀,이십세기폭스코리아(주),2016-03-10,장편,미국,405,1372216200,171577,"614,470,400","74,056",코미디,12세관람가,일반영화
"우리, 사랑일까요?",나이젤 콜,브에나비스타인터내셔널코리아,2005-05-20,장편,미국,0,0,171394,0,"99,907",드라마,15세관람가,일반영화
극장판 엄마 까투리: 도시로 간 까투리 가족,정길훈,(주)넥스트엔터테인먼트월드(NEW),2022-09-08,장편,한국,616,1591633099,171367,"285,360,594","31,886",애니메이션,전체관람가,일반영화
앵커,정지연,(주)에이스메이커무비웍스,2022-04-20,장편,한국,1032,1650141610,171105,"476,095,980","49,757",스릴러,15세관람가,일반영화
케로로 더 무비:케로로 VS 케로로 천공대결전,사토 준이치,투니버스(주)온미디어,2008-08-07,장편,일본,63,982898500,170998,"233,300,500","38,921",애니메이션,전체관람가,일반영화
더 프레데터,쉐인 블랙,이십세기폭스코리아(주),2018-09-12,장편,미국,582,1502022014,170878,"415,294,114","45,133",SF,청소년관람불가,일반영화
예수는 역사다,존 건,(재)CBS,2017-07-13,장편,미국,217,1229743400,170796,"336,647,800","42,982",드라마,전체관람가,독립/예술영화
19곰 테드 2,세스 맥팔레인,유니버설픽쳐스인터내셔널 코리아(유),2015-06-25,장편,미국,297,1378084400,170647,"605,457,800","72,311",코미디,청소년관람불가,일반영화
그랑프리,양윤호,(주)싸이더스,2010-09-16,장편,한국,235,1241827441,170446,"379,100,000","48,666",드라마,12세관람가,일반영화
히트맨,자비에르 젠스,이십세기폭스필름코퍼레이션,2007-11-29,장편,미국,0,0,170240,0,"48,880",액션,청소년관람불가,일반영화
폰부스,조엘 슈마허,이십세기폭스필름코퍼레이션,2003-06-13,장편,미국,0,0,170000,0,"137,000",범죄,12세관람가,일반영화
폴리와 함께,존 햄버그,UIP코리아,2004-04-02,장편,미국,0,0,170000,0,"98,013",멜로/로맨스,15세관람가,일반영화
대배우,석민우,(주)대명문화공장,2016-03-30,장편,한국,474,1245426228,169855,"337,587,528","44,595",코미디,12세관람가,일반영화
베니스의 상인,마이클 래드포드,미디어라인코리아,2005-10-20,장편,기타,0,0,169852,0,"59,340",드라마,12세관람가,일반영화
새해전야,홍지영,(주)에이스메이커무비웍스,2021-02-10,장편,한국,906,1563530850,169789,"395,332,540","43,037",멜로/로맨스,12세관람가,일반영화
매직브러시,쯔씽 쫑,(주)영화사 빅,2016-05-04,장편,중국,460,1269463800,169257,"277,581,400","33,920",애니메이션,전체관람가,독립/예술영화
라스트베가스,존 터틀타웁,(주)나이너스엔터테인먼트,2014-05-08,장편,미국,349,1302220176,169138,"482,443,076","60,402",코미디,15세관람가,일반영화
렛 미 인,맷 리브스,롯데쇼핑㈜롯데엔터테인먼트,2010-11-18,장편,영국,220,1158654342,169072,"413,320,000","56,183",드라마,15세관람가,독립/예술영화
노리개,최승호,(주)인벤트스톤,2013-04-18,장편,한국,278,1229574500,169054,"371,215,500","48,830",드라마,청소년관람불가,일반영화
그루지 2,시미즈 다카시,(주)프라임엔터테인먼트,2006-11-16,장편,미국,0,0,168708,0,"36,193",공포(호러),15세관람가,일반영화
나는 아빠다,"전만배,이세영",롯데쇼핑㈜롯데엔터테인먼트,2011-04-14,장편,한국,300,1246420500,168049,"364,430,500","47,282",액션,청소년관람불가,일반영화
"DMZ, 비무장지대",이규형,영화사청어람(주),2004-11-26,장편,한국,0,0,167652,0,"34,487",드라마,청소년관람불가,일반영화
진범,고정욱,(주)리틀빅픽쳐스,2019-07-10,장편,한국,224,1424601000,167333,"298,936,100","34,223",스릴러,15세관람가,일반영화
비밀애,"류훈,권지연",(주)시너지하우스 (시너지),2010-03-25,장편,한국,275,1227023002,167132,"417,641,000","53,814",멜로/로맨스,청소년관람불가,일반영화
극장판 도라에몽: 진구의 남극 꽁꽁 대모험,다카하시 아츠시,(주)넥스트엔터테인먼트월드(NEW),2017-08-10,장편,일본,351,1175560900,166252,"194,738,200","26,136",애니메이션,전체관람가,일반영화
극장판 도라에몽: 진구의 아프리카 모험 ~베코와 5인의 탐험대~,야쿠와 신노스케,(주)이수C&E,2014-09-04,장편,일본,277,1183524300,166092,"221,826,900","29,570",애니메이션,전체관람가,일반영화
극장판 도라에몽: 진구와 기적의 섬 애니멀 어드벤처,쿠스바 고조,롯데쇼핑㈜롯데엔터테인먼트,2012-07-25,장편,일본,184,1071505500,165640,"196,301,000","28,865",애니메이션,전체관람가,일반영화
사랑니,정지우,(주)시네마서비스,2005-09-29,장편,한국,0,0,165538,0,"61,507",멜로/로맨스,15세관람가,일반영화
스플라이스,빈센조 나탈리,(주)화천공사,2010-07-01,장편,기타,126,1284084141,165393,"552,270,500","68,259",SF,청소년관람불가,일반영화
킬러 엘리트,개리 맥켄드리,에스케이텔레콤(주),2011-09-22,장편,미국,251,1249754000,165123,"461,384,000","58,182",스릴러,청소년관람불가,일반영화
나의 그리스식 웨딩,조엘 즈윅,워너브러더스 코리아(주),2003-03-14,장편,미국,0,0,165000,0,"97,730",멜로/로맨스,12세관람가,일반영화
구타유발자들,원신연,(주)프라임엔터테인먼트,2006-05-31,장편,한국,0,0,164606,0,"49,795",코미디,청소년관람불가,일반영화
김복남 살인사건의 전말,장철수,(주)스폰지이엔티,2010-09-02,장편,한국,107,1272487471,164450,"471,480,200","58,738",스릴러,청소년관람불가,독립/예술영화
더 페이버릿: 여왕의 여자,요르고스 란티모스,이십세기폭스코리아(주),2019-02-21,장편,미국,83,1380191276,164372,"831,098,346","97,482",드라마,15세관람가,독립/예술영화
가디언,앤드류 데이비스,브에나비스타인터내셔널코리아,2006-11-02,장편,미국,0,0,164067,0,"60,136",액션,12세관람가,일반영화
세이프 하우스,다니엘 에스피노사,유니버설픽쳐스인터내셔널 코리아(유),2012-02-29,장편,미국,292,1223151500,163729,"433,708,500","55,352",액션,15세관람가,일반영화
팬도럼,크리티앙 알버트,(주)케이알씨지,2009-10-22,장편,독일,189,1241613605,163494,"395,457,000","49,362",액션,청소년관람불가,일반영화
무법자,김철한,(주)넥스트엔터테인먼트월드(NEW),2010-03-18,장편,한국,192,1241201107,163334,"284,829,000","34,920",드라마,청소년관람불가,일반영화
센티넬,클락 존슨,이십세기폭스코리아(주),2006-09-07,장편,미국,0,0,163257,0,"59,656",범죄,15세관람가,일반영화
프린세스 다이어리 2,게리 마샬,한국소니픽쳐스릴리징브에나비스타영화㈜,2004-10-29,장편,미국,0,0,162789,0,"63,379",멜로/로맨스,전체관람가,일반영화
다크아워,크리스 고락,이십세기폭스코리아(주),2012-01-05,장편,미국,324,1319649000,162604,"356,461,000","41,658",SF,12세관람가,일반영화
아메리칸 울트라,니마 누리자데,(주)씨제이이엔엠,2015-08-27,장편,미국,341,1301387295,161382,"468,332,595","56,452",액션,청소년관람불가,일반영화
당신이 사랑하는 동안에,폴 맥기건,(주)에이앤비픽쳐스,2005-10-13,장편,미국,0,0,161302,0,"81,244",드라마,청소년관람불가,독립/예술영화
트랜스포터: 리퓰드,카밀 들라마레,씨네그루(주)다우기술,2015-10-15,장편,프랑스,432,1263319115,161245,"335,757,915","41,198",액션,15세관람가,일반영화
빅,트레버 월,(주)이수C&E,2016-07-27,장편,미국,332,1174196720,160860,"215,962,400","28,656",애니메이션,전체관람가,독립/예술영화
부산,박지원,(주)싸이더스,2009-10-15,장편,한국,204,1185994280,160741,"283,830,500","36,192",액션,청소년관람불가,일반영화
고장난 론,"사라 스미스,장 필립 바인,옥타비오 E. 로드리게즈",월트디즈니컴퍼니코리아 유한책임회사,2021-10-27,장편,미국,904,1440020590,160005,"356,391,860","37,312",애니메이션,전체관람가,일반영화
더 큐어,고어 버빈스키,이십세기폭스코리아(주),2017-02-15,장편,미국,419,1331883200,159948,"484,137,700","56,699",미스터리,청소년관람불가,일반영화
로스트 라이온즈,로버트 레드포드,이십세기폭스필름코퍼레이션,2007-11-08,장편,미국,0,0,159910,0,"58,474",드라마,15세관람가,일반영화
마지막 늑대,구자홍,(주)쇼박스,2004-04-01,장편,한국,0,0,158727,0,"51,624",코미디,15세관람가,일반영화
니코,"마이클 헤트너,캐리 주스넌",롯데쇼핑㈜롯데엔터테인먼트,2008-12-24,장편,기타,168,971874013,158693,"203,771,500","31,660",애니메이션,전체관람가,일반영화
공기살인,조용선,TCO(주)더콘텐츠온,2022-04-22,장편,한국,756,1473339250,158265,"344,144,210","37,616",드라마,12세관람가,일반영화
더 자이언트,프라파스 콜사라논,(주)마인스 엔터테인먼트,2013-02-21,장편,미국,227,996566000,157972,"270,661,000","40,716",애니메이션,전체관람가,일반영화
회복,김종철,(주)스폰지이엔티,2010-01-14,장편,한국,2,1128545852,157793,"505,918,500","66,450",다큐멘터리,12세관람가,독립/예술영화
극장판 요괴워치 섀도사이드: 도깨비왕의 부활,우시로 신지,(주)씨제이이엔엠,2018-09-20,장편,일본,454,1205873200,157689,"181,911,300","22,720",애니메이션,전체관람가,일반영화
데스 레이스,폴 W.S. 앤더슨,유니버설픽쳐스인터내셔널 코리아(유),2008-10-16,장편,미국,151,1044019000,156983,"281,078,000","40,206",SF,청소년관람불가,일반영화
택시 4,제라르 크라브지크,㈜스튜디오이쩜영,2007-07-05,장편,프랑스,0,0,156762,0,"40,785",액션,12세관람가,일반영화
어브덕션,존 싱글톤,필라멘트픽쳐스,2011-09-29,장편,미국,285,1140666500,156744,"425,276,500","55,730",액션,15세관람가,일반영화
써커 펀치,잭 스나이더,워너브러더스 코리아(주),2011-04-07,장편,미국,240,1223821000,156606,"432,024,000","52,115",액션,15세관람가,일반영화
DOA,원규,(주)시네마서비스,2006-10-19,장편,독일,0,0,156488,0,"44,638",액션,12세관람가,일반영화
빨간모자의 진실 2,마이크 디사,(주)화앤담이엔티,2011-07-13,장편,미국,287,1113721000,155798,"301,066,500","40,375",애니메이션,전체관람가,일반영화
아메리칸 허슬,데이빗 O. 러셀,(주)누리픽쳐스,2014-02-20,장편,미국,245,1195060400,155374,"706,132,800","90,145",범죄,청소년관람불가,독립/예술영화
아토믹 블론드,데이빗 레이치,(주)키다리이엔티,2017-08-30,장편,미국,471,1177725658,155368,"486,321,658","62,007",액션,청소년관람불가,일반영화
레고 닌자고 무비,찰리 빈,워너브러더스 코리아(주),2017-09-28,장편,미국,459,1149394400,154966,"292,991,400","37,758",애니메이션,전체관람가,일반영화
미스터 빈의 홀리데이,스티브 벤델락,유니버설픽쳐스인터내셔널 코리아(유),2007-08-15,장편,영국,0,0,154916,0,"47,161",코미디,전체관람가,일반영화
최강전사 미니특공대 : 새로운 악당의 습격,이영준,에이원엔터테인먼트,2015-02-05,장편,한국,318,1163431200,154342,"220,766,300","27,906",애니메이션,전체관람가,일반영화
크레이지 리치 아시안,존 추,워너브러더스 코리아(주),2018-10-25,장편,미국,531,1333313141,154297,"606,690,591","68,552",멜로/로맨스,12세관람가,일반영화
포켓몬 레인저와 바다의 왕자 마나피,유야마 쿠니히코,(주)이수C&E,2006-07-20,장편,일본,0,0,154278,0,"43,093",애니메이션,전체관람가,일반영화
메달리온,진가상,감자(주),2003-10-24,장편,기타,0,0,154036,0,"41,430",액션,12세관람가,일반영화
킥 애스: 영웅의 탄생,매튜 본,롯데쇼핑㈜롯데엔터테인먼트,2010-04-22,장편,영국,221,1167536970,153849,"500,415,500","63,215",액션,청소년관람불가,일반영화
폴리스 스토리 2014,딩성,유니버설픽쳐스인터내셔널 코리아(유),2014-01-29,장편,중국,251,1138068500,153591,"265,234,000","34,086",액션,15세관람가,일반영화
브레이브 원,닐 조단,워너브러더스 코리아(주),2007-10-11,장편,미국,0,0,153400,0,"71,100",드라마,15세관람가,일반영화
더 레이븐,제임스 맥티그,롯데쇼핑㈜롯데엔터테인먼트,2012-07-05,장편,미국,265,1123639000,153278,"378,660,500","49,491",스릴러,청소년관람불가,일반영화
타오르는 여인의 초상,셀린 시아마,그린나래미디어(주),2020-01-16,장편,프랑스,120,1286959338,153178,"764,451,358","87,747",드라마,15세관람가,독립/예술영화
퀸카로 살아남는 법,마크 S. 워터스,UIP코리아,2004-09-03,장편,미국,0,0,153000,0,"66,310",코미디,15세관람가,일반영화
레이크 하우스,알레한드로 아그레스티,워너브러더스 코리아(주),2006-08-31,장편,미국,0,0,152670,0,"83,996",멜로/로맨스,12세관람가,일반영화
크래쉬,폴 해기스,(주)스튜디오이쩜영,2006-04-06,장편,미국,0,0,152617,0,"65,366",드라마,15세관람가,독립/예술영화
마이 블루베리 나이츠,왕가위,(주)쇼박스,2008-03-06,장편,기타,157,983901850,152314,"78,253,667","84,207",멜로/로맨스,12세관람가,일반영화
극장판 엉덩이 탐정: 수플레 섬의 비밀,자코 아키후미,(주)넥스트엔터테인먼트월드(NEW),2022-05-05,장편,일본,770,1406338740,152301,"218,488,520","22,968",애니메이션,전체관람가,일반영화
컨페션,조지 클루니,기타,2003-07-25,장편,미국,0,0,152161,0,"84,913",드라마,청소년관람불가,일반영화
트롤: 월드 투어,"월트 도른,데이빗 P.스미스",유니버설픽쳐스인터내셔널 코리아(유),2020-04-29,장편,미국,344,1168000320,152159,"303,995,980","37,939",애니메이션,전체관람가,일반영화
시카리오: 암살자의 도시,드니 빌뇌브,롯데쇼핑㈜롯데엔터테인먼트,2015-12-03,장편,미국,227,1230501192,152061,"588,321,492","71,188",범죄,청소년관람불가,독립/예술영화
익스펜더블 3,패트릭 휴즈,롯데쇼핑㈜롯데엔터테인먼트,2014-08-20,장편,미국,320,1158358800,152025,"289,064,100","36,474",액션,15세관람가,일반영화
아메리칸 셰프,존 파브로,(주)영화사 진진,2015-01-07,장편,미국,111,1240660929,151833,"787,266,129","95,079",코미디,15세관람가,독립/예술영화
춤추는 대수사선 2,모토히로 카츠유키,(주)오시네마,2003-12-12,장편,일본,0,0,151823,0,"73,924",액션,12세관람가,일반영화
히든 카드,브래드 퍼맨,이십세기폭스코리아(주),2013-09-26,장편,미국,362,1080423651,151476,"367,779,151","48,767",범죄,청소년관람불가,일반영화
달빛궁궐,김현주,(주)넥스트엔터테인먼트월드(NEW),2016-09-07,장편,한국,425,1134639700,151360,"258,859,700","31,822",애니메이션,전체관람가,일반영화
스모킹 에이스,조 카나한,기타,2007-03-08,장편,미국,0,0,150942,0,"55,148",액션,청소년관람불가,일반영화
쏘우 V,데이빗 해클,(주)성원아이컴,2008-12-03,장편,미국,153,1044040000,150835,"385,276,000","53,247",범죄,청소년관람불가,일반영화
스테이트 오브 플레이,케빈 맥도널드,기타,2009-04-30,장편,미국,197,998567826,150447,"411,384,500","58,663",드라마,12세관람가,일반영화
로맨틱 아일랜드,강철우,실버스푼,2008-12-24,장편,한국,208,1002069212,150401,"363,551,000","51,505",멜로/로맨스,15세관람가,일반영화
웰컴 투 더 정글,피터 버그,콜럼비아트라이스타,2003-11-21,장편,미국,0,0,150326,0,"43,673",액션,15세관람가,일반영화
미스 에이전트2 : 라스베가스 잠입사건,존 파스킨,워너브러더스 코리아(주),2005-04-01,장편,미국,0,0,150300,0,"66,907",액션,12세관람가,일반영화
짱구는 못말려 극장판 : 정면승부! 로봇아빠의 역습,타카하시 와타루,(주)이수C&E,2015-04-23,장편,일본,372,1085388600,150226,"171,433,200","22,562",애니메이션,전체관람가,일반영화
다운사이징,알렉산더 페인,롯데쇼핑㈜롯데엔터테인먼트,2018-01-11,장편,미국,511,1236582004,150215,"428,993,404","51,033",드라마,15세관람가,일반영화
미스터트롯: 더 무비,전수경,(주)영화사 그램,2020-10-22,장편,한국,449,1288754100,150119,"356,326,100","41,283",공연,전체관람가,일반영화
로드 오브 워,앤드류 니콜,미디어필름인터내셔날(주),2005-11-18,장편,미국,0,0,150070,0,"34,614",액션,15세관람가,일반영화
비정규직 특수요원,김덕수,(주)이수C&E,2017-03-16,장편,한국,497,1150732700,149719,"244,094,600","30,726",코미디,15세관람가,일반영화
2046,왕가위,(주)디스테이션,2004-10-15,장편,기타,0,0,149700,0,"78,540",드라마,청소년관람불가,독립/예술영화
워킹걸,정범식,플러스엠 엔터테인먼트,2015-01-07,장편,한국,308,1183887479,149181,"389,163,479","49,874",코미디,청소년관람불가,일반영화
신나는 동물농장(애니),스티브 오데커크,유니버설픽쳐스인터내셔널 코리아(유),2007-01-18,장편,미국,0,0,149086,0,"36,492",애니메이션,전체관람가,일반영화
짱구는 못말려 극장판:태풍을 부르는 노래하는 엉덩이 폭탄,무토우 유지,씨제이 씨지브이(CJ CGV)(주),2009-09-24,장편,일본,87,1032246002,148964,"297,200,000","41,600",애니메이션,전체관람가,일반영화
투 브라더스,장 자끄 아노,(주)씨제이이엔엠,2006-01-20,장편,프랑스,0,0,148899,0,"53,204",드라마,전체관람가,일반영화
레고 배트맨 무비,크리스 맥케이,워너브러더스 코리아(주),2017-02-09,장편,미국,427,1175424305,148760,"387,885,305","45,835",애니메이션,전체관람가,일반영화
파이어월,리차드 론크레인,워너브러더스 코리아(주),2006-02-17,장편,미국,0,0,148600,0,"66,097",액션,12세관람가,일반영화
미스컨덕트,시모사와 신타로,(주)박수엔터테인먼트,2016-03-30,장편,미국,470,1133511038,148512,"343,296,538","43,994",범죄,15세관람가,일반영화
기프트,그렉 마크스,(주)성원아이컴,2009-03-26,장편,미국,188,996472520,148138,"374,627,000","53,252",액션,15세관람가,일반영화
발리언트(애니),게리 채프먼,브에나비스타인터내셔널코리아,2005-08-05,장편,영국,0,0,147877,0,"38,989",코미디,전체관람가,일반영화
화피,진가상,(주)시너지하우스 (시너지),2008-10-23,장편,기타,172,975274000,147450,"256,622,500","36,711",스릴러,15세관람가,일반영화
카오스 워킹,더그 라이만,롯데컬처웍스(주)롯데엔터테인먼트,2021-02-24,장편,미국,780,1230782480,147443,"415,750,320","55,740",어드벤처,15세관람가,일반영화
벌새,김보라,(주)엣나인필름,2019-08-29,장편,한국,145,1192568974,146665,"778,199,114","90,684",드라마,15세관람가,독립/예술영화
서울역,연상호,(주)넥스트엔터테인먼트월드(NEW),2016-08-17,장편,한국,440,1157200562,146548,"364,877,762","44,396",애니메이션,15세관람가,독립/예술영화
크레이지,브렉 에이즈너,(주)넥스트엔터테인먼트월드(NEW),2010-04-08,장편,미국,196,1123006998,146377,"364,397,000","45,158",공포(호러),청소년관람불가,일반영화
웨딩드레스,권형진,(주)싸이더스,2010-01-14,장편,한국,183,1014636235,146148,"219,105,000","29,532",드라마,전체관람가,일반영화
게스후,케빈 로드니 설리반,이십세기폭스필름코퍼레이션,2005-09-02,장편,미국,0,0,146000,0,"59,434",코미디,12세관람가,일반영화
원피스 극장판: 스트롱 월드,사카이 무네히사,투니버스(주)온미디어,2010-02-11,장편,일본,76,987877070,145751,"254,261,500","36,690",애니메이션,전체관람가,일반영화
비포 선셋,리차드 링클레이터,THE 픽쳐스,2004-10-22,장편,미국,0,0,145300,0,"87,900",드라마,청소년관람불가,독립/예술영화
엑소시스트: 더 비기닝,레니 할린,워너브러더스 코리아(주),2004-11-17,장편,미국,0,0,145300,0,"44,500",공포(호러),청소년관람불가,일반영화
천년학,임권택,(주)프라임엔터테인먼트,2007-04-12,장편,한국,0,0,145271,0,"62,146",드라마,12세관람가,독립/예술영화
13시간,마이클 베이,롯데쇼핑㈜롯데엔터테인먼트,2016-03-03,장편,미국,380,1160889514,144827,"331,939,114","39,831",액션,15세관람가,일반영화
철의 여인,필리다 로이드,필라멘트픽쳐스,2012-02-23,장편,영국,162,1079070500,144338,"601,412,000","78,293",드라마,12세관람가,일반영화
펜트하우스 코끼리,정승구,(주)시너지하우스 (시너지),2009-11-05,장편,한국,240,1087284273,144070,"352,505,500","44,241",드라마,청소년관람불가,일반영화
안나 카레니나,조 라이트,유니버설픽쳐스인터내셔널 코리아(유),2013-03-21,장편,미국,248,986727000,143947,"530,093,000","74,226",드라마,15세관람가,일반영화
헬프,테이트 테일러,한국소니픽쳐스릴리징브에나비스타영화㈜,2011-11-03,장편,미국,163,1045217500,143738,"592,894,500","78,752",드라마,전체관람가,일반영화
불릿 트레인,데이빗 레이치,소니픽쳐스엔터테인먼트코리아주식회사극장배급지점,2022-08-24,장편,미국,904,1554615073,143620,"602,994,982","52,936",액션,청소년관람불가,일반영화
하우스 오브 구찌,리들리 스콧,유니버설픽쳐스인터내셔널 코리아(유),2022-01-12,장편,미국,734,1415370730,143605,"782,911,850","78,802",범죄,15세관람가,일반영화
지슬 - 끝나지 않은 세월2,오멸,(주)영화사 진진,2013-03-21,장편,한국,81,984416100,143490,"450,875,600","61,257",드라마,15세관람가,독립/예술영화
가버나움,나딘 라바키,그린나래미디어(주),2019-01-24,장편,기타,111,1182486219,142622,"685,177,439","79,905",드라마,15세관람가,독립/예술영화
장난감이 살아있다,후안 호세 캄파넬라,㈜코리아스크린,2016-09-07,장편,기타,294,1109230600,142577,"261,978,700","31,893",애니메이션,전체관람가,독립/예술영화
우먼 인 골드,사이먼 커티스,(주)팝엔터테인먼트,2015-07-09,장편,미국,252,1096192800,142456,"571,626,200","71,829",드라마,12세관람가,독립/예술영화
은밀한 유혹,윤재구,(주)씨제이이엔엠,2015-06-04,장편,한국,394,1112423247,142405,"353,352,647","43,475",멜로/로맨스,15세관람가,일반영화
키친,홍지영,실버스푼,2009-02-05,장편,한국,179,939320372,142336,"394,993,100","56,559",멜로/로맨스,15세관람가,일반영화
가시,김태균,(주)인벤트스톤,2014-04-10,장편,한국,356,1094017000,141956,"295,827,600","36,552",멜로/로맨스,청소년관람불가,일반영화
굿바이,타키타 요지로,(주)드림팩트엔터테인먼트,2008-10-30,장편,일본,167,885687097,141719,"399,031,167","61,432",드라마,12세관람가,독립/예술영화
극장판 또봇: 로봇군단의 습격,"이달,고동우",(주)씨제이이엔엠,2017-04-27,장편,한국,231,1089135300,141592,"214,935,500","27,208",애니메이션,전체관람가,일반영화
마담 프루스트의 비밀정원,실뱅 쇼메,찬란,2014-07-24,장편,프랑스,43,1108112442,141480,"674,528,342","83,058",드라마,전체관람가,독립/예술영화
눈의 여왕5: 스노우 프린세스와 미러랜드의 비밀,알렉세이 트시칠린,메가박스중앙(주),2022-12-22,장편,기타,626,1301043791,141356,"210,642,787","22,495",애니메이션,전체관람가,일반영화
디 아워스,스티븐 달드리,(주)시네마서비스,2003-02-21,장편,미국,0,0,141075,0,"82,016",드라마,12세관람가,독립/예술영화
극장판 아이엠스타 : 꿈의 오디션!,키무라 류이치,(주)씨제이이엔엠,2016-02-11,장편,일본,254,1045638100,141025,"210,890,800","28,342",애니메이션,전체관람가,일반영화
나를 기억해,이한욱,(주)키다리이엔티,2018-04-19,장편,한국,545,1227953892,140849,"289,799,692","32,322",미스터리,청소년관람불가,일반영화
화장,임권택,(주)리틀빅픽쳐스,2015-04-09,장편,한국,327,1059405100,140616,"338,077,900","43,757",드라마,청소년관람불가,독립/예술영화
크롤,알렉산더 아야,롯데컬처웍스(주)롯데엔터테인먼트,2019-11-27,장편,미국,612,1128159080,140576,"315,223,980","38,005",액션,15세관람가,일반영화
아르고,벤 애플렉,워너브러더스 코리아(주),2012-10-31,장편,미국,238,999347500,140522,"389,160,500","52,203",스릴러,15세관람가,일반영화
500일의 썸머,마크 웹,(주)스튜디오디에이치엘,2010-01-21,장편,미국,185,1064051540,140458,"519,444,500","66,078",드라마,15세관람가,독립/예술영화
블루 재스민,우디 앨런,(주)인벤트스톤,2013-09-25,장편,미국,207,1030316900,140350,"686,011,400","89,760",드라마,15세관람가,독립/예술영화
플로렌스,스티븐 프리어스,(주)이수C&E,2016-08-24,장편,영국,382,1079970100,139717,"460,420,100","58,672",드라마,15세관람가,독립/예술영화
액트 오브 밸러: 최정예 특수부대,"마이크 맥코이,스캇 워프",씨너스엔터테인먼트(주),2012-02-29,장편,미국,223,1036484500,139541,"332,364,500","42,271",액션,15세관람가,일반영화
마이클 클레이튼,토니 길로이,롯데쇼핑㈜롯데엔터테인먼트,2007-11-29,장편,미국,0,0,139301,0,"64,502",스릴러,15세관람가,일반영화
꽃보다 남자,이시이 야스하루,롯데쇼핑㈜롯데엔터테인먼트,2008-09-11,장편,일본,196,851004500,139217,"295,082,500","45,654",멜로/로맨스,12세관람가,일반영화
나이트메어,사무엘 베이어,워너브러더스 코리아(주),2010-05-20,장편,미국,109,1073229640,139140,"353,516,000","43,218",공포(호러),청소년관람불가,일반영화
빅샤크: 매직체인지,헤 질리,와이드 릴리즈(주),2018-06-27,장편,중국,414,1012286700,138705,"136,745,900","16,974",애니메이션,전체관람가,일반영화
레이디 인 더 워터,M. 나이트 샤말란,워너브러더스 코리아(주),2006-10-13,장편,미국,0,0,138462,0,"61,400",판타지,전체관람가,일반영화
극장판 도라에몽: 진구와 철인군단 날아라 천사들,테라모토 유키요,에이원엔터테인먼트,2011-07-28,장편,일본,154,937570000,138277,"216,318,000","30,271",애니메이션,전체관람가,일반영화
극장판 엉덩이 탐정: 화려한 사건 수첩,히라야마 미호,(주)넥스트엔터테인먼트월드(NEW),2019-07-11,장편,일본,561,1094031140,138118,"234,481,940","27,835",애니메이션,전체관람가,일반영화
데이브레이커스,마이클 스피어리그,(주)성원아이컴,2010-03-18,장편,미국,187,1046842179,137955,"362,633,500","45,405",액션,청소년관람불가,일반영화
더 포스트,스티븐 스필버그,CGV아트하우스,2018-02-28,장편,미국,281,1090246148,137841,"601,255,748","74,508",드라마,12세관람가,독립/예술영화
독전: 익스텐디드 컷,이해영,(주)넥스트엔터테인먼트월드(NEW),2018-07-18,장편,한국,398,844714600,137775,"236,870,200","37,991",범죄,15세관람가,일반영화
극장판파워레인저 엔진포스VS 와일드스피릿,모로타 사토시,(주)씨제이이엔엠,2010-01-07,장편,일본,125,978723556,137690,"221,385,500","30,052",SF,전체관람가,일반영화
그녀를 모르면 간첩,박한준,(주)쇼박스,2004-01-30,장편,한국,0,0,137413,0,"32,884",코미디,15세관람가,일반영화
0.0MHz,유선동,(주)스마일이엔티,2019-05-29,장편,한국,446,1088258860,137294,"213,889,040","25,604",공포(호러),15세관람가,일반영화
50/50,조나단 레빈,롯데쇼핑㈜롯데엔터테인먼트,2011-11-24,장편,미국,159,1029728500,137205,"604,651,500","77,313",코미디,15세관람가,독립/예술영화
더 퍼지,제임스 드모나코,유니버설픽쳐스인터내셔널 코리아(유),2013-11-06,장편,미국,232,1030484000,137126,"320,267,000","40,621",스릴러,청소년관람불가,일반영화
극장판 에그엔젤 코코밍: 푸르밍과 두근두근 코코밍 세계,닛타 노리오,(주)씨제이이엔엠,2017-09-07,장편,일본,232,1055895200,137052,"230,840,900","29,255",애니메이션,전체관람가,일반영화
데스티네이션 2,데이비드 R. 엘리스,UIP코리아,2004-06-11,장편,미국,0,0,137000,0,"63,681",공포(호러),청소년관람불가,일반영화
파이터,데이빗 O. 러셀,(주)시너지하우스 (시너지),2011-03-10,장편,미국,263,1033270000,136946,"417,739,500","52,806",드라마,15세관람가,일반영화
좀비랜드: 더블 탭,루벤 플레셔,소니픽쳐스엔터테인먼트코리아주식회사극장배급지점,2019-11-13,장편,미국,585,1176173880,136869,"391,265,590","44,122",액션,15세관람가,일반영화
그랜 토리노,클린트 이스트우드,워너브러더스 코리아(주),2009-03-19,장편,미국,109,917074253,136703,"494,144,000","71,523",드라마,12세관람가,독립/예술영화
파이프라인,유하,플러스엠 엔터테인먼트,2021-05-26,장편,한국,777,1200729450,136680,"306,468,820","34,792",범죄,15세관람가,일반영화
에디슨 시티,데이비드 J. 버크,롯데쇼핑㈜롯데엔터테인먼트,2006-04-06,장편,미국,0,0,136612,0,"35,885",액션,15세관람가,일반영화
블랙 달리아,브라이언 드 팔마,㈜스튜디오이쩜영,2007-11-01,장편,독일,0,0,136451,0,"58,010",드라마,청소년관람불가,일반영화
워터 디바이너,러셀 크로우,롯데쇼핑㈜롯데엔터테인먼트,2015-01-28,장편,미국,326,1008818235,136134,"315,480,635","42,375",드라마,15세관람가,일반영화
연리지,김성중,(주)쇼박스,2006-04-13,장편,한국,0,0,136088,0,"34,656",멜로/로맨스,12세관람가,일반영화
링컨,스티븐 스필버그,이십세기폭스코리아(주),2013-03-14,장편,미국,214,941056500,135900,"429,441,000","60,711",드라마,12세관람가,일반영화
제 5침공,J 블레이크슨,유니버설픽쳐스인터내셔널 코리아(유),2016-02-25,장편,미국,312,1041049900,135874,"199,429,800","25,028",액션,12세관람가,일반영화
제인 에어,캐리 후쿠나가,(주)시너지하우스 (시너지),2011-04-20,장편,영국,208,981132000,135797,"484,702,000","64,231",드라마,12세관람가,독립/예술영화
극장판 꼬마버스 타요의 에이스 구출작전,류정우,(주)아이코닉스,2016-01-21,장편,한국,200,906299900,135478,"190,910,800","27,929",애니메이션,전체관람가,일반영화
테이킹 라이브즈,D.J. 카루소,워너브러더스 코리아(주),2004-04-15,장편,미국,0,0,135470,0,"56,728",스릴러,청소년관람불가,일반영화
톰과 제리,팀 스토리,워너브러더스 코리아(주),2021-02-24,장편,미국,918,1163773600,135362,"292,943,050","33,569",애니메이션,전체관람가,일반영화
빼꼼의 머그잔 여행,임아론,(합)알지애니메이션스튜디오,2007-03-22,장편,한국,0,0,135261,0,"37,899",드라마,전체관람가,일반영화
로빈슨 크루소,"벤 스타센,빈센트 케스텔루트",(주)영화사 빅,2016-09-07,장편,기타,329,1038675400,135094,"200,206,200","24,105",애니메이션,전체관람가,독립/예술영화
바이스,아담 맥케이,(주)콘텐츠판다,2019-04-11,장편,미국,241,1144142384,134925,"540,292,584","63,132",드라마,15세관람가,독립/예술영화
로마의 휴일,이덕희,플러스엠 엔터테인먼트,2017-08-30,장편,한국,436,993321176,134827,"217,460,976","28,160",코미디,15세관람가,일반영화
유희왕,츠지 하츠키,에이원엔터테인먼트,2010-01-28,장편,일본,64,95399816,134754,"30,159,000","47,449",애니메이션,전체관람가,일반영화
대니쉬 걸,톰 후퍼,유니버설픽쳐스인터내셔널 코리아(유),2016-02-17,장편,미국,246,1074763884,134029,"628,018,484","76,402",드라마,청소년관람불가,독립/예술영화
비스틀리,다니엘 반즈,(주)넥스트엔터테인먼트월드(NEW),2011-03-17,장편,미국,214,1008669500,134025,"390,695,000","49,495",드라마,12세관람가,일반영화
썸머 워즈,호소다 마모루,(주)씨제이이엔엠,2009-08-13,장편,일본,100,951350362,133946,"448,917,500","60,884",애니메이션,전체관람가,독립/예술영화
나의 절친 악당들,임상수,이십세기폭스코리아(주),2015-06-25,장편,한국,384,1054470664,133553,"344,258,564","41,604",범죄,청소년관람불가,일반영화
링스 어드벤처,"마누엘 시실리아,라울 가르시아",(주)성원아이컴,2009-06-24,장편,기타,158,808603115,133476,"211,552,000","32,863",애니메이션,전체관람가,일반영화
은장도,김성덕,(주)쇼박스,2003-10-24,장편,한국,0,0,133311,0,"25,641",코미디,청소년관람불가,일반영화
카운슬러,리들리 스콧,이십세기폭스코리아(주),2013-11-14,장편,미국,293,966623000,133272,"487,802,000","64,412",범죄,청소년관람불가,일반영화
죽이고 싶은,"김상화,조원희",롯데쇼핑㈜롯데엔터테인먼트,2010-08-26,장편,한국,145,990122522,133079,"275,976,500","35,187",스릴러,청소년관람불가,독립/예술영화
쉘 위 댄스,피터 첼섬,한국소니픽쳐스릴리징브에나비스타영화㈜,2004-11-12,장편,미국,0,0,132856,0,"53,508",드라마,12세관람가,일반영화
마더 데레사,파브리지오 코스타,미디어필름인터내셔날(주),2005-01-21,장편,기타,0,0,132733,0,"25,242",드라마,12세관람가,독립/예술영화
파주,박찬옥,(주)엠케이픽처스,2009-10-28,장편,한국,131,978601985,132657,"392,029,100","50,823",드라마,청소년관람불가,독립/예술영화
오션월드 3D,장-자크 망텔로,㈜케이디미디어,2010-08-11,장편,영국,102,1394663380,132602,"354,157,000","32,403",다큐멘터리,전체관람가,일반영화
스파이럴,대런 린 보우즈만,(주)올스타엔터테인먼트,2021-05-12,장편,기타,691,1300063130,132427,"405,740,390","41,814",스릴러,청소년관람불가,일반영화
리딕,데이빗 토히,(주)영화사 빅,2013-11-28,장편,미국,275,927494000,132059,"271,943,000","37,236",SF,15세관람가,일반영화
오늘,이정향,롯데쇼핑㈜롯데엔터테인먼트,2011-10-27,장편,한국,207,712814000,131896,"256,541,500","44,913",드라마,15세관람가,일반영화
심야식당,마츠오카 조지,(주)영화사 진진,2015-06-18,장편,일본,180,1041911974,131748,"548,373,674","67,271",드라마,12세관람가,독립/예술영화
브레이크 더 사일런스: 더 무비,박준수,CGV ICECON,2020-09-24,장편,한국,205,1160249000,131693,"377,329,000","41,301",다큐멘터리,전체관람가,일반영화
파라노말 액티비티 3,"헨리 유스트,아리엘 슐만",(주)씨제이이엔엠,2011-10-20,장편,미국,180,948704000,131437,"303,429,500","40,112",공포(호러),12세관람가,일반영화
22 블렛,리샤르 베리,㈜케이디미디어,2010-10-14,장편,프랑스,236,994042368,131436,"312,647,500","39,585",액션,청소년관람불가,일반영화
두 여자,정윤수,(주)씨제이이엔엠,2010-11-18,장편,한국,211,981545863,131415,"268,371,500","34,133",멜로/로맨스,청소년관람불가,일반영화
블러디 발렌타인,패트릭 루지어,(주)넥스트엔터테인먼트월드(NEW),2009-07-22,장편,미국,230,1234718589,131217,"628,413,500","60,777",공포(호러),청소년관람불가,일반영화
노바디,일리야 나이슐러,유니버설픽쳐스인터내셔널 코리아(유),2021-04-07,장편,미국,505,1254490750,131124,"402,522,600","42,468",액션,15세관람가,일반영화
마이클 잭슨의 디스 이즈 잇,케니 오테가,한국소니픽쳐스릴리징브에나비스타영화㈜,2009-10-28,장편,미국,176,980053035,130746,"536,876,000","69,856",다큐멘터리,전체관람가,독립/예술영화
라파예트,토니 빌,(주)미로비젼,2007-08-30,장편,미국,0,0,130678,0,"50,317",전쟁,15세관람가,일반영화
아이 스파이,베티 토마스,콜럼비아트라이스타,2003-02-07,장편,미국,0,0,130460,0,"43,663",코미디,15세관람가,일반영화
황시,로저 스포티스우드,(주)씨제이이엔엠,2008-09-18,장편,기타,214,812706500,130275,"324,367,500","50,313",전쟁,12세관람가,일반영화
스트리트댄스,"맥스 기와,다니아 파스퀴니",(주)시너지하우스 (시너지),2010-06-16,장편,영국,211,1449365627,130153,"593,141,500","50,599",드라마,12세관람가,일반영화
자백,최승호,(주)엣나인필름,2016-10-13,장편,한국,152,1034815200,129950,"459,270,300","55,388",다큐멘터리,15세관람가,독립/예술영화
맨홀,신재영,롯데쇼핑㈜롯데엔터테인먼트,2014-10-08,장편,한국,286,1053876130,129732,"234,298,830","27,598",공포(호러),청소년관람불가,일반영화
프라이스리스,피에르 살바도리,㈜케이디미디어,2008-05-08,장편,프랑스,99,850396500,129645,"394,801,000","58,111",코미디,15세관람가,일반영화
클로이,아톰 에고이안,(주)시너지하우스 (시너지),2010-02-25,장편,프랑스,183,989894071,129633,"416,034,000","52,000",드라마,청소년관람불가,일반영화
미스터 브룩스,브루스 A 에반스,(주)시네마서비스,2007-08-30,장편,미국,0,0,129544,0,"45,963",스릴러,청소년관람불가,일반영화
하늘정원,이동현,(주)쇼박스,2003-04-04,장편,한국,0,0,129499,0,"38,773",드라마,전체관람가,일반영화
애니멀 크래커,토니 밴크로프트,(주)이수C&E,2020-08-05,장편,미국,473,1025381740,129246,"152,429,470","18,037",애니메이션,전체관람가,독립/예술영화
매치 포인트,우디 알렌,(주)퍼스트런,2006-04-13,장편,영국,0,0,128958,0,"72,499",멜로/로맨스,청소년관람불가,독립/예술영화
아더와 미니모이-제1탄비밀원정대의출정,뤽 베송,롯데쇼핑㈜롯데엔터테인먼트,2009-07-09,장편,프랑스,219,823623531,128531,"242,967,000","35,750",어드벤처,전체관람가,일반영화
명탐정 코난: 에피소드 원-작아진 명탐정,야마모토 야스이치로,(주)씨제이이엔엠,2017-02-08,장편,일본,215,999362100,128472,"201,352,200","25,052",애니메이션,12세관람가,일반영화
슈퍼히어로,크레이그 마진,(주)싸이더스,2008-08-21,장편,미국,181,815185333,128054,"225,838,833","33,509",SF,12세관람가,일반영화
뮬란: 전사의 귀환,마초성,(유)영화사 화수분,2010-09-02,장편,중국,242,903835077,127495,"213,840,500","28,928",액션,12세관람가,일반영화
다크 워터스,토드 헤인즈,(주)이수C&E,2020-03-11,장편,미국,575,1096657740,127251,"383,981,180","43,314",드라마,12세관람가,독립/예술영화
구세주 2,황승재,(주)씨제이이엔엠,2009-02-26,장편,한국,228,838666517,127226,"181,258,500","26,726",코미디,15세관람가,일반영화
버틀러: 대통령의 집사,리 다니엘스,(주)넥스트엔터테인먼트월드(NEW),2013-11-28,장편,미국,182,884709000,126870,"448,171,500","62,066",드라마,15세관람가,일반영화
솔로몬 케인,M.J. 버세트,(주)화앤담이엔티,2010-03-25,장편,프랑스,199,955021220,126855,"302,089,000","37,900",액션,청소년관람불가,일반영화
자토이치,기타노 다케시,(주)영화사 진진,2004-01-30,장편,일본,0,0,126748,0,"65,840",액션,15세관람가,독립/예술영화
눈길,이나정,(주)엣나인필름,2017-03-01,장편,한국,495,947059100,126443,"227,150,700","29,161",드라마,15세관람가,독립/예술영화
카페 소사이어티,우디 앨런,찬란,2016-09-14,장편,미국,199,1047223666,126439,"628,142,366","74,414",멜로/로맨스,15세관람가,독립/예술영화
하나와 앨리스,이와이 슌지,(주)미디어캐슬,2004-11-17,장편,일본,0,0,126100,0,"63,900",드라마,12세관람가,일반영화
마이 리틀 자이언트,스티븐 스필버그,월트디즈니컴퍼니코리아(주),2016-08-10,장편,미국,128,991375900,125800,"273,880,100","34,343",어드벤처,전체관람가,일반영화
저수지 게임,최진성,(주)스마일이엔티,2017-09-07,장편,한국,289,984605100,125402,"390,376,200","47,721",다큐멘터리,15세관람가,독립/예술영화
꾸뻬씨의 행복여행,피터 첼섬,그린나래미디어(주),2014-11-27,장편,영국,227,919851783,125179,"525,158,883","68,547",어드벤처,15세관람가,독립/예술영화
삼국지: 명장 관우,"맥조휘,장문강",(주)넥스트엔터테인먼트월드(NEW),2011-05-19,장편,기타,207,920899000,125168,"292,612,000","37,843",전쟁,15세관람가,독립/예술영화
날으는 돼지 - 해적 마테오,송근식,에이아이씨코리아(AIC KOREA),2004-07-24,장편,한국,0,0,125000,0,"90,000",애니메이션,전체관람가,일반영화
시간위의 집,임대웅,(주)리틀빅픽쳐스,2017-04-05,장편,한국,454,987958600,124601,"247,386,600","29,576",미스터리,15세관람가,일반영화
명탐정 코난:베이커가의 망령,카네수구 코다마,투니버스(주)온미디어,2008-05-01,장편,일본,40,711270500,124139,"142,096,000","25,705",애니메이션,12세관람가,일반영화
데스 디파잉:어느 마술사의 사랑,질리안 암스트롱,롯데쇼핑㈜롯데엔터테인먼트,2008-03-27,장편,영국,221,798922500,124127,"304,041,000","45,726",드라마,15세관람가,일반영화
마이펫 오지,알베르토 로드리게즈,롯데쇼핑㈜롯데엔터테인먼트,2017-02-16,장편,기타,393,911866950,124112,"227,644,200","29,374",애니메이션,전체관람가,독립/예술영화
아카시아(Acacia),박기형,쇼이스트(주),2003-10-17,장편,한국,0,0,124000,0,"35,660",공포(호러),15세관람가,일반영화
페인티드 베일,존 커랜,(주)엔케이컨텐츠,2007-03-15,장편,중국,0,0,123828,0,"64,499",멜로/로맨스,15세관람가,일반영화
마을금고 연쇄습격사건,박상준,(주)쇼박스,2007-11-14,장편,한국,0,0,123770,0,"25,980",코미디,15세관람가,일반영화
러시 : 더 라이벌,론 하워드,롯데쇼핑㈜롯데엔터테인먼트,2013-10-09,장편,미국,270,908114000,123582,"425,323,000","55,553",액션,청소년관람불가,일반영화
마법천자문: 대마왕의 부활을 막아라,윤영기,(주)씨제이이엔엠,2010-08-19,장편,한국,179,800649684,123538,"215,803,000","31,777",애니메이션,전체관람가,일반영화
썬더일레븐 극장판 : 최강군단 오우거의 습격,미야오 요시카즈,(주)미디어데이,2011-05-05,장편,일본,166,811159500,123363,"152,039,500","22,030",애니메이션,전체관람가,일반영화
극장판 짱구는 못말려: 신혼여행 허리케인~ 사라진 아빠!,하시모토 마사카즈,(주)씨제이이엔엠,2020-08-20,장편,일본,661,1004751550,123329,"136,596,530","15,811",애니메이션,전체관람가,일반영화
리틀 비버,필립 칼드롱,(주)쇼박스,2009-04-30,장편,프랑스,116,739408802,123065,"202,891,500","32,064",가족,전체관람가,일반영화
똥파리,양익준,(주)영화사 진진,2009-04-16,장편,한국,68,844521819,123046,"444,826,700","62,952",드라마,청소년관람불가,독립/예술영화
"서서평, 천천히 평온하게","홍주연,홍현정",커넥트픽쳐스(주),2017-04-26,장편,한국,234,875685400,123036,"432,388,600","57,346",다큐멘터리,전체관람가,독립/예술영화
애프터 라이프,아그네츠카 보토위츠 보슬루,(주)시너지하우스 (시너지),2010-09-02,장편,미국,185,900663278,122963,"267,652,500","34,643",드라마,15세관람가,일반영화
솔로이스트,조 라이트,유니버설픽쳐스인터내셔널 코리아(유),2009-11-19,장편,미국,175,898812915,122841,"464,296,500","60,577",드라마,12세관람가,독립/예술영화
그렇게 아버지가 된다,고레에다 히로카즈,(주)티캐스트콘텐츠허브,2013-12-19,장편,일본,41,934628662,122797,"662,840,500","84,187",드라마,전체관람가,독립/예술영화
애인,김태은,(주)쇼박스,2005-12-08,장편,한국,0,0,122780,0,"31,610",멜로/로맨스,청소년관람불가,일반영화
웨스트 사이드 스토리,스티븐 스필버그,월트디즈니컴퍼니코리아 유한책임회사,2022-01-12,장편,미국,754,1225528640,122706,"560,733,710","55,321",드라마,12세관람가,일반영화
실버라이닝 플레이북,데이빗 O. 러셀,(주)나이너스엔터테인먼트,2013-02-14,장편,미국,226,915598500,122698,"561,167,500","73,251",멜로/로맨스,청소년관람불가,독립/예술영화
러브 라이브! 더 스쿨 아이돌 무비,쿄고쿠 타카히코,(주)박수엔터테인먼트,2015-09-03,장편,일본,66,908579000,122574,"419,577,000","55,550",애니메이션,전체관람가,일반영화
더 박스,양정웅,(주)씨네필운,2021-03-24,장편,한국,372,951294340,122469,"511,289,720","66,162",드라마,12세관람가,독립/예술영화
겟 썸,제프 와드로,㈜스튜디오이쩜영,2008-05-22,장편,미국,165,783743000,122410,"248,361,000","37,577",액션,12세관람가,일반영화
사다코 3D : 죽음의 동영상,하나부사 츠토무,KT&G 상상마당 영화사업팀 컴퍼니에스에스(주),2012-06-14,장편,일본,262,1128635032,122382,"256,930,532","26,345",공포(호러),15세관람가,일반영화
윤희에게,임대형,(주)리틀빅픽쳐스,2019-11-14,장편,한국,317,973626809,122243,"569,974,559","69,438",멜로/로맨스,12세관람가,독립/예술영화
극장판 도라에몽: 진구의 비밀도구 박물관,테라모토 유키요,롯데쇼핑㈜롯데엔터테인먼트,2013-07-25,장편,일본,239,780545500,122172,"151,581,500","22,339",애니메이션,전체관람가,일반영화
마이 캡틴 김대출,송창수,(주)스튜디오이쩜영,2006-04-20,장편,한국,0,0,122098,0,"28,692",코미디,12세관람가,일반영화
라스트 위치 헌터,브렉 에이즈너,TCO(주)더콘텐츠온,2015-12-30,장편,미국,278,934949800,122039,"278,142,900","35,242",액션,15세관람가,일반영화
히달고,조 존스톤,한국소니픽쳐스릴리징브에나비스타영화㈜,2004-03-19,장편,미국,0,0,121578,0,"55,063",액션,12세관람가,일반영화
마루이 비디오,윤준형,씨제이 씨지브이(CJ CGV)(주),2023-02-22,장편,한국,284,1220034300,121559,"221,109,100","22,861",미스터리,15세관람가,일반영화
윔블던,리차드 론크레인,UIP코리아,2005-03-25,장편,영국,0,0,121500,0,"59,340",드라마,15세관람가,일반영화
블랙아웃,필립 카우프만,(주)쇼박스,2005-04-07,장편,독일,0,0,121366,0,"44,846",스릴러,15세관람가,일반영화
극장판 안녕 자두야: 제주도의 비밀,손석우,(주)씨제이이엔엠,2022-01-27,장편,한국,618,1068187980,121169,"156,890,260","17,027",애니메이션,전체관람가,일반영화
소피의 연애 매뉴얼,에바 진,(주)씨제이이엔엠,2009-08-20,장편,중국,188,896131351,121018,"327,959,000","42,403",멜로/로맨스,12세관람가,일반영화
모나리자 스마일,마이크 뉴웰,한국소니픽쳐스릴리징브에나비스타영화㈜,2004-03-19,장편,미국,0,0,120995,0,"68,251",드라마,12세관람가,일반영화
마이 시스터즈 키퍼,닉 카사베츠,워너브러더스 코리아(주),2009-09-10,장편,미국,159,872715162,120952,"369,455,500","49,311",드라마,12세관람가,일반영화
리미트리스,닐 버거,팝엔터테인먼트,2012-07-12,장편,미국,164,867035000,120914,"288,984,000","38,408",미스터리,15세관람가,일반영화
퍼펙트 웨딩(몬스터 인 로),로버트 루게틱,(주)튜브엔터테인먼트,2005-10-20,장편,미국,0,0,120910,0,"48,980",코미디,12세관람가,일반영화
퇴마: 무녀굴,김휘,씨네그루(주)다우기술,2015-08-20,장편,한국,331,951843500,120802,"238,138,900","29,025",공포(호러),15세관람가,일반영화
날 미치게하는 남자,"바비 패럴리,피터 패럴리",이십세기폭스필름코퍼레이션,2005-10-07,장편,미국,0,0,120700,0,"57,860",코미디,12세관람가,일반영화
유희왕 극장판,츠지 하츠키,대원씨앤에이홀딩스,2005-04-01,장편,일본,0,0,120425,0,"43,159",애니메이션,전체관람가,일반영화
헤이트풀8,쿠엔틴 타란티노,(주)누리픽쳐스,2016-01-07,장편,미국,167,996168400,120352,"457,137,100","54,514",액션,청소년관람불가,독립/예술영화
죽여주는 여자,이재용,CGV아트하우스,2016-10-06,장편,한국,317,872397300,119964,"376,215,400","51,740",드라마,청소년관람불가,독립/예술영화
라스트 나잇,마시 태지딘,(주)싸이더스,2011-04-07,장편,미국,243,910843000,119963,"392,621,500","49,604",멜로/로맨스,청소년관람불가,일반영화
킹 오브 프리즘 - 프라이드 더 히어로,히시다 마사카즈,동우에이앤이(주),2017-06-10,장편,일본,92,984175500,119398,"719,013,000","84,260",애니메이션,15세관람가,일반영화
나는 갈매기,권상준,롯데쇼핑㈜롯데엔터테인먼트,2009-09-26,장편,한국,71,711793733,119312,"141,959,000","21,362",다큐멘터리,전체관람가,독립/예술영화
짱구는 못말려 극장판: 폭풍수면! 꿈꾸는 세계 대돌격,타카하시 와타루,(주)넥스트엔터테인먼트월드(NEW),2017-01-25,장편,일본,334,905611600,119197,"147,031,700","18,053",애니메이션,전체관람가,일반영화
파리로 가는 길,엘레노어 코폴라,(주)티캐스트,2017-08-03,장편,미국,79,931810300,118985,"615,973,800","76,126",드라마,12세관람가,독립/예술영화
아티스트,미셀 하자나비시우스,(주)영화사 진진,2012-02-16,장편,미국,93,910115100,118836,"650,201,600","82,208",멜로/로맨스,12세관람가,독립/예술영화
수퍼 소닉,제프 파울러,롯데컬처웍스(주)롯데엔터테인먼트,2020-02-12,장편,미국,609,932457150,118725,"196,636,200","23,442",애니메이션,전체관람가,일반영화
얼리맨,닉 파크,(주)이수C&E,2018-05-03,장편,영국,597,910471000,118612,"189,895,000","23,330",애니메이션,전체관람가,독립/예술영화
부탁 하나만 들어줘,폴 페이그,(주)팝엔터테인먼트,2018-12-12,장편,미국,461,1024464238,118528,"467,225,088","53,495",스릴러,청소년관람불가,독립/예술영화
데블,존 에릭 도들,유니버설픽쳐스인터내셔널 코리아(유),2010-11-04,장편,미국,190,868744643,118286,"308,849,000","39,845",공포(호러),15세관람가,일반영화
언힌지드,데릭 보트,(주)누리픽쳐스,2020-10-07,장편,미국,676,1016037190,118112,"302,552,340","35,166",스릴러,청소년관람불가,일반영화
하이 레인,아벨 페리,(주)씨제이이엔엠,2009-09-09,장편,프랑스,158,892025506,117545,"257,706,500","32,361",스릴러,청소년관람불가,일반영화
앰뷸런스,마이클 베이,유니버설픽쳐스인터내셔널 코리아(유),2022-04-06,장편,미국,1033,1156403110,117512,"371,998,700","37,688",액션,15세관람가,일반영화
감바의 대모험,"카와무라 토모히로,코모리 요시히로",(주)영화사 빅,2016-11-10,장편,일본,400,874198700,117465,"164,212,900","20,534",애니메이션,전체관람가,독립/예술영화
극장판 소드 아트 온라인 -오디널 스케일-,이토 토모히코,(주)박수엔터테인먼트,2017-02-23,장편,일본,124,897598000,117401,"277,569,000","35,430",애니메이션,12세관람가,일반영화
고스트 라이더 : 복수의 화신,"마크 네빌딘,브라이언 테일러",롯데쇼핑㈜롯데엔터테인먼트,2012-02-16,장편,미국,269,902982500,117263,"229,674,000","28,091",액션,15세관람가,일반영화
쉬즈 더 맨,앤디 픽맨,㈜메가박스,2007-05-03,장편,미국,0,0,117263,0,"64,349",코미디,12세관람가,일반영화
우먼 인 블랙,제임스 왓킨스,(주)넥스트엔터테인먼트월드(NEW),2012-02-16,장편,영국,237,862144800,117188,"343,473,800","44,298",드라마,15세관람가,일반영화
정무문 : 100대 1의 전설,유위강,(주)싸이더스,2011-06-22,장편,기타,225,872350500,117141,"214,320,000","27,154",액션,15세관람가,일반영화
내가 숨쉬는 공기,지호 리,롯데쇼핑㈜롯데엔터테인먼트,2008-04-09,장편,미국,181,772348500,117058,"311,055,000","44,253",범죄,청소년관람불가,일반영화
어머니는 죽지 않는다,하명중,롯데쇼핑㈜롯데엔터테인먼트,2007-09-12,장편,한국,0,0,116993,0,"49,664",가족,12세관람가,일반영화
케로로 더 무비 5: 기적의 사차원섬,"사토 준이치,야마구치 스스무",투니버스(주)온미디어,2010-04-29,장편,일본,75,801845296,116992,"210,734,500","29,583",애니메이션,전체관람가,일반영화
여교사,김태용,필라멘트픽쳐스,2017-01-04,장편,한국,393,947192460,116851,"299,247,560","36,539",드라마,청소년관람불가,독립/예술영화
8인: 최후의 결사단,진덕삼,(주)팝엔터테인먼트,2010-01-21,장편,중국,160,878708580,116788,"270,416,000","34,297",액션,15세관람가,일반영화
올드,M. 나이트 샤말란,유니버설픽쳐스인터내셔널 코리아(유),2021-08-18,장편,미국,550,1107856560,116240,"363,307,240","39,433",공포(호러),12세관람가,일반영화
존 윅,"데이빗 레이치,채드 스타헬스키",(주)제이앤씨미디어그룹,2015-01-21,장편,미국,321,925995637,116119,"338,434,537","41,631",액션,청소년관람불가,일반영화
명탐정 코난:전율의 악보,야마모토 야스이치로,(주)씨제이이엔엠,2019-02-14,장편,일본,213,890692400,116059,"172,835,800","22,143",애니메이션,12세관람가,일반영화
쏘우 3D,케빈 그루터트,㈜케이디미디어,2010-11-18,장편,미국,159,1470144870,115878,"485,355,000","38,230",공포(호러),청소년관람불가,일반영화
최강전사 미니특공대: 영웅의 탄생,이영준,(주)삼지애니메이션,2016-02-04,장편,한국,349,866704200,115704,"172,514,300","22,357",애니메이션,전체관람가,일반영화
들어는 봤니? 모건 부부,마크 로렌스,한국소니픽쳐스릴리징브에나비스타영화㈜,2010-01-28,장편,미국,163,881895788,115454,"469,082,000","59,342",코미디,15세관람가,일반영화
화이트 칙스,키넌 아이보리 웨이언스,한국소니픽쳐스릴리징브에나비스타영화㈜,2004-11-17,장편,미국,0,0,115302,0,"46,883",코미디,15세관람가,일반영화
쇼쇼쇼(Show Show Show),김정호,아우라엔터테인먼트,2003-02-28,장편,한국,0,0,115000,0,"21,933",멜로/로맨스,15세관람가,일반영화
스쿨 오브 락,리차드 링클레이터,윤스,2004-02-27,장편,영국,0,0,115000,0,"55,063",코미디,청소년관람불가,독립/예술영화
눈물이 주룩주룩,도이 노부히로,(주)미로비젼,2007-05-17,장편,일본,0,0,114995,0,"48,400",드라마,12세관람가,일반영화
로맨틱 크라운,톰 행크스,(주)싸이더스,2011-08-17,장편,미국,239,860040500,114887,"381,940,500","48,803",멜로/로맨스,12세관람가,일반영화
안나,뤽 베송,판씨네마(주),2019-08-28,장편,프랑스,431,946058240,114796,"388,815,480","45,770",액션,15세관람가,일반영화
발레 교습소,변영주,(주)씨제이이엔엠,2004-12-03,장편,한국,0,0,114478,0,"31,871",드라마,15세관람가,일반영화
고스트버스터즈 라이즈,제이슨 라이트맨,소니픽쳐스엔터테인먼트코리아주식회사극장배급지점,2021-12-01,장편,미국,888,1065710980,114395,"337,817,360","36,086",어드벤처,12세관람가,일반영화
터키,지미 헤이워드,롯데쇼핑㈜롯데엔터테인먼트,2014-07-31,장편,미국,182,790848700,113795,"164,605,800","22,574",애니메이션,전체관람가,일반영화
극장판 도라에몽 : 진구의 우주영웅기~스페이스 히어로즈~,오오스기 요시히로,(주)와우픽쳐스,2015-09-17,장편,일본,351,816868100,113404,"155,568,500","20,865",애니메이션,전체관람가,일반영화
로스트 시티,기타,롯데컬처웍스(주)롯데엔터테인먼트,2022-04-20,장편,미국,835,1023084850,113186,"358,122,500","41,462",액션,12세관람가,일반영화
스트레인지 월드,"돈 홀,퀴 응우옌",월트디즈니컴퍼니코리아 유한책임회사,2022-11-23,장편,미국,699,968821831,112910,"177,360,520","18,691",애니메이션,전체관람가,일반영화
서울괴담,홍원기,플러스엠 엔터테인먼트,2022-04-27,장편,한국,474,1076281490,112725,"182,811,140","19,071",공포(호러),15세관람가,일반영화
나인 야드 2,하워드 더치,(주)쇼박스,2005-02-24,장편,미국,0,0,112156,0,"37,012",코미디,15세관람가,일반영화
사랑도 통역이 되나요?,소피아 코폴라,(주)씨제이이엔엠,2004-02-20,장편,미국,0,0,112127,0,"70,220",멜로/로맨스,15세관람가,독립/예술영화
미라클 벨리에,에릭 라티고,(주)영화사 진진,2015-08-27,장편,프랑스,245,857214018,112121,"413,015,318","52,179",드라마,12세관람가,독립/예술영화
다이노소어 어드벤처 : 백악기 공룡대백과,"닐 나이팅게일,베리 쿡,앤드류 코헨",(주)박수엔터테인먼트,2016-05-04,장편,영국,325,852443000,112076,"170,029,200","21,332",애니메이션,전체관람가,독립/예술영화
아담스 패밀리 2,"그렉 티어넌,콘래드 베논",유니버설픽쳐스인터내셔널 코리아(유),2021-11-10,장편,미국,750,979210720,111934,"183,510,690","21,374",애니메이션,전체관람가,일반영화
배우는 배우다,신연식,(주)넥스트엔터테인먼트월드(NEW),2013-10-24,장편,한국,297,811031000,111927,"270,902,500","35,389",드라마,청소년관람불가,일반영화
"안녕, 나의 소녀",사준의,오드,2018-05-16,장편,기타,155,868321954,111541,"306,753,454","37,176",멜로/로맨스,12세관람가,독립/예술영화
셀프/리스,타셈 싱,(주)이수C&E,2015-09-10,장편,미국,340,874447764,111127,"292,812,964","35,675",SF,15세관람가,일반영화
라 비 앙 로즈,올리비에 다한,(주)영화사 안다미로,2007-11-21,장편,프랑스,0,0,111048,0,"52,397",드라마,12세관람가,독립/예술영화
스틸 앨리스,"리처드 글랫저,워시 웨스트모어랜드",그린나래미디어(주),2015-04-29,장편,미국,109,856744246,111008,"479,625,846","60,787",드라마,12세관람가,독립/예술영화
로빈슨 가족,스테판 J. 앤더슨,한국소니픽쳐스릴리징브에나비스타영화㈜,2007-04-19,장편,미국,0,0,110963,0,"36,260",애니메이션,전체관람가,일반영화
꽃미남 연쇄 테러 사건,이권,영화사청어람(주),2007-07-26,장편,한국,0,0,110905,0,"27,099",코미디,12세관람가,일반영화
직쏘,"피터 스피어이그,마이클 스피어리그",㈜코리아스크린,2017-11-02,장편,미국,175,966956500,110834,"270,275,200","30,685",공포(호러),청소년관람불가,일반영화
엽문,엽위신,(주)제이앤씨미디어그룹,2009-04-16,장편,기타,168,733132023,110805,"191,917,000","27,791",액션,12세관람가,독립/예술영화
러브 앤 프렌즈,루크 그린필드,롯데쇼핑㈜롯데엔터테인먼트,2011-06-16,장편,미국,207,795721500,110795,"383,291,500","52,359",드라마,15세관람가,일반영화
극장판 파워레인저: 캡틴포스 VS 미라클포스 199 히어로 대결전,타케모토 노보루,롯데쇼핑㈜롯데엔터테인먼트,2012-12-13,장편,일본,229,759092000,110771,"178,072,500","24,623",애니메이션,전체관람가,일반영화
바디,파윈 푸리킷판야,㈜케이디미디어,2008-05-29,장편,기타,160,716431000,110686,"197,749,000","28,647",공포(호러),15세관람가,일반영화
교회오빠,이호경,커넥트픽쳐스(주),2019-05-16,장편,한국,200,879140710,110512,"308,787,720","36,881",다큐멘터리,전체관람가,독립/예술영화
트랜스포터 엑스트림,루이스 리테리어,이십세기폭스필름코퍼레이션,2005-10-20,장편,미국,0,0,110500,0,"35,000",액션,15세관람가,일반영화
금발이 너무해 2,찰스 허먼-움펠드,이십세기폭스필름코퍼레이션,2003-10-02,장편,미국,0,0,110000,0,"54,790",코미디,12세관람가,일반영화
모터사이클 다이어리,월터 살레스,UIP코리아,2004-11-12,장편,영국,0,0,110000,0,"70,102",드라마,15세관람가,독립/예술영화
조조 래빗,타이카 와이티티,월트디즈니컴퍼니코리아 유한책임회사,2020-02-05,장편,미국,277,948260200,109913,"496,339,340","56,148",코미디,12세관람가,독립/예술영화
캣츠 앤 독스 2,브래드 페이튼,워너브러더스 코리아(주),2010-09-16,장편,미국,161,810563678,109667,"183,952,000","23,143",가족,전체관람가,일반영화
당갈,니테쉬 티와리,(주)넥스트엔터테인먼트월드(NEW),2018-04-25,장편,기타,260,906416500,109441,"458,846,200","54,661",액션,12세관람가,독립/예술영화
프로포즈 데이,아넌드 터커,유니버설픽쳐스인터내셔널 코리아(유),2010-04-08,장편,미국,149,826704936,109313,"413,981,500","53,038",멜로/로맨스,12세관람가,일반영화
언더워터,윌리엄 유뱅크,월트디즈니컴퍼니코리아 유한책임회사,2020-05-27,장편,미국,594,937112800,109207,"259,889,160","29,571",스릴러,15세관람가,일반영화
걸프렌즈,강석범,(주)넥스트엔터테인먼트월드(NEW),2009-12-17,장편,한국,244,787235297,109195,"318,246,000","42,177",멜로/로맨스,15세관람가,일반영화
더 콘서트,라두 미하일레아누,유니버설픽쳐스인터내셔널 코리아(유),2010-11-25,장편,프랑스,130,784912681,109160,"371,575,000","49,485",드라마,전체관람가,독립/예술영화
피터와 드래곤,데이빗 로워리,월트디즈니컴퍼니코리아(주),2016-09-28,장편,미국,167,865600600,109137,"196,519,100","23,706",어드벤처,전체관람가,일반영화
미운 오리 새끼의 모험,"마이클 헤그너,카스텐 킬러리치",(주)드림팩트엔터테인먼트,2008-04-03,장편,프랑스,70,618379000,109094,"172,541,500","30,997",애니메이션,전체관람가,일반영화
히트,이성한,(주)넥스트엔터테인먼트월드(NEW),2011-10-13,장편,한국,171,771023500,109019,"174,749,000","22,396",드라마,15세관람가,일반영화
디어 에반 핸슨,스티븐 크보스키,유니버설픽쳐스인터내셔널 코리아(유),2021-11-17,장편,미국,631,1082054550,109001,"436,931,050","44,540",뮤지컬,12세관람가,일반영화
베이블레이드 버스트 갓 : 갓 발키리의 탄생,야마구치 켄타로,(주)씨제이이엔엠,2017-06-01,장편,일본,198,823353500,108896,"147,634,500","19,221",애니메이션,전체관람가,일반영화
할로윈,데이빗 고든 그린,유니버설픽쳐스인터내셔널 코리아(유),2018-10-31,장편,미국,536,891158713,108780,"285,667,563","34,073",공포(호러),청소년관람불가,일반영화
21,로버트 루케틱,한국소니픽쳐스릴리징브에나비스타영화㈜,2008-06-19,장편,미국,64,730776100,108648,"283,162,500","41,255",범죄,15세관람가,일반영화
맨 프롬 UNCLE,가이 리치,워너브러더스 코리아(주),2015-10-28,장편,미국,361,846390353,108551,"337,263,353","41,417",액션,12세관람가,일반영화
캐리와 슈퍼콜라,"오성윤,이춘백",롯데컬처웍스(주)롯데엔터테인먼트,2023-01-18,장편,한국,474,1004792719,108487,"158,701,544","16,509",애니메이션,전체관람가,일반영화
람보 4 : 라스트 블러드,실베스터 스탤론,(주)스튜디오이쩜영,2008-02-28,장편,미국,196,696504500,108473,"182,233,000","26,990",액션,청소년관람불가,일반영화
레드 스패로,프란시스 로렌스,이십세기폭스코리아(주),2018-02-28,장편,미국,389,860743700,108344,"331,557,500","41,010",스릴러,청소년관람불가,일반영화
마지막 4중주,야론 질버만,(주)티캐스트,2013-07-25,장편,미국,29,812813000,108317,"546,426,500","69,670",드라마,15세관람가,독립/예술영화
디바,조슬예,플러스엠 엔터테인먼트,2020-09-23,장편,한국,831,901717350,108122,"258,175,260","31,164",스릴러,15세관람가,일반영화
파워레인저매직포스&트레저포스,모로타 사토시,대원미디어(주),2007-07-17,장편,일본,0,0,108085,0,"39,489",액션,전체관람가,일반영화
원스 어폰 어 타임 인 멕시코,로버트 로드리게즈,브에나비스타인터내셔널코리아,2003-10-24,장편,미국,0,0,107789,0,"48,419",액션,청소년관람불가,일반영화
더 기버: 기억전달자,필립 노이스,(주)지어소프트,2014-08-20,장편,미국,233,814330000,107567,"294,270,800","37,590",SF,12세관람가,독립/예술영화
더 건맨,피에르 모렐,롯데쇼핑㈜롯데엔터테인먼트,2015-04-16,장편,프랑스,349,833925965,107444,"240,111,365","30,063",액션,청소년관람불가,일반영화
울트라바이올렛,커트 위머,㈜스튜디오이쩜영,2006-07-20,장편,미국,0,0,107252,0,"33,148",액션,12세관람가,일반영화
아치와 씨팍,조범진,(주)에이원엔터테인먼트,2006-06-28,장편,한국,0,0,107154,0,"44,406",애니메이션,청소년관람불가,독립/예술영화
제로 다크 서티,캐서린 비글로우,(주)에스비에스콘텐츠허브,2013-03-07,장편,미국,258,765247500,107104,"298,295,000","39,992",전쟁,15세관람가,일반영화
아나콘다2 : 사라지지 않는 저주,드와이트 H. 리틀,소니픽쳐스릴리징코리아,2005-04-15,장편,미국,0,0,106980,0,"19,842",공포(호러),12세관람가,일반영화
로켓맨,덱스터 플레처,롯데컬처웍스(주)롯데엔터테인먼트,2019-06-05,장편,영국,640,918989063,106834,"430,848,073","48,758",드라마,15세관람가,일반영화
텍사스 전기톱 연쇄살인사건 : 0,조나단 리브스만,롯데쇼핑㈜롯데엔터테인먼트,2007-02-22,장편,미국,0,0,106724,0,"29,334",공포(호러),청소년관람불가,일반영화
도희야,정주리,CGV아트하우스,2014-05-22,장편,한국,310,830948100,106511,"250,750,700","30,778",드라마,청소년관람불가,독립/예술영화
우리가 꿈꾸는 기적: 인빅터스,클린트 이스트우드,워너브러더스 코리아(주),2010-03-04,장편,미국,121,784134225,106443,"320,187,500","41,693",드라마,전체관람가,일반영화
프리덤,피터 쿠센스,주식회사 마운틴픽쳐스,2015-11-19,장편,미국,117,737817100,106241,"143,294,400","18,390",드라마,12세관람가,독립/예술영화
워터호스,제이 러셀,한국소니픽쳐스릴리징브에나비스타영화㈜,2008-03-20,장편,미국,42,629620000,106028,"116,173,500","19,805",어드벤처,전체관람가,일반영화
미드나이트,권오승,씨제이 씨지브이(CJ CGV)(주),2021-06-30,장편,한국,693,928954870,106012,"212,910,900","24,419",스릴러,15세관람가,일반영화
웨이 백,피터 위어,(주)쇼박스,2011-03-17,장편,미국,175,776193500,105925,"239,833,000","31,080",드라마,12세관람가,일반영화
코러스,크리스토퍼 파라티에,(주)영화사한결,2005-03-03,장편,프랑스,0,0,105920,0,"49,463",드라마,전체관람가,일반영화
아마존의 눈물,"김진만,김현철",주식회사 마운틴픽쳐스,2010-03-25,장편,한국,47,658632935,105886,"194,192,000","27,825",다큐멘터리,15세관람가,독립/예술영화
더 시그널,윌리엄 유뱅크,롯데쇼핑㈜롯데엔터테인먼트,2014-07-09,장편,미국,263,809982328,105818,"353,324,028","44,821",SF,12세관람가,일반영화
공주와 개구리,"존 머스커,론 클레멘츠",한국소니픽쳐스릴리징브에나비스타영화㈜,2010-01-21,장편,미국,81,716485106,105654,"299,783,500","41,898",애니메이션,전체관람가,일반영화
바람이 분다,미야자키 하야오,롯데쇼핑㈜롯데엔터테인먼트,2013-09-05,장편,일본,288,741722500,105650,"306,820,500","41,937",애니메이션,전체관람가,일반영화
스마일,파커 핀,롯데컬처웍스(주)롯데엔터테인먼트,2022-10-06,장편,미국,455,1122947658,105500,"424,792,693","40,710",미스터리,청소년관람불가,일반영화
니드 포 스피드,스캇 워프,소니픽쳐스릴리징월트디즈니스튜디오스코리아(주),2014-04-16,장편,미국,349,835859900,105340,"222,825,000","25,663",액션,15세관람가,일반영화
신부들의 전쟁,게리 위닉,이십세기폭스코리아(주),2009-04-02,장편,미국,207,686671367,105202,"264,293,500","38,900",코미디,12세관람가,일반영화
스타워즈 : 클론 전쟁,데이브 필로니,워너브러더스 코리아(주),2008-09-04,장편,미국,211,646062000,105151,"208,270,000","32,353",애니메이션,전체관람가,일반영화
미래의 미라이,호소다 마모루,플러스엠 엔터테인먼트,2019-01-16,장편,일본,508,850022957,104950,"287,591,737","34,117",애니메이션,전체관람가,일반영화
라스트 엑소시즘,다니엘 스탬,(주)시너지하우스 (시너지),2010-12-01,장편,미국,171,734954077,104936,"204,889,500","27,420",공포(호러),15세관람가,일반영화
허밍,박대영,롯데쇼핑㈜롯데엔터테인먼트,2008-03-13,장편,한국,167,640923000,104850,"237,746,000","38,194",멜로/로맨스,12세관람가,일반영화
5백만불의 사나이,김익로,(주)씨제이이엔엠,2012-07-19,장편,한국,331,739789500,104736,"193,733,000","25,929",코미디,15세관람가,일반영화
인사이드 르윈,"조엘 코엔,에단 코엔",주식회사 왓챠,2014-01-29,장편,미국,70,808287200,104601,"552,247,700","69,376",드라마,15세관람가,독립/예술영화
선샤인,대니 보일,기타,2007-04-19,장편,미국,0,0,104428,0,"35,135",SF,15세관람가,일반영화
블러드,크리스 나흔,(주)싸이더스,2009-06-11,장편,기타,229,701370482,103918,"231,725,000","32,540",액션,청소년관람불가,일반영화
킹 오브 프리즘 (바이 프리티 리듬),히시다 마사카즈,(주)박수엔터테인먼트,2016-08-11,장편,일본,53,859771500,103852,"630,836,000","73,057",애니메이션,12세관람가,일반영화
꿈은 이루어진다,계윤식,(주)씨제이이엔엠,2010-05-27,장편,한국,222,730581233,103627,"201,625,000","27,110",코미디,15세관람가,일반영화
베리 굿 걸,나오미 포너,(주)영화사 빅,2014-09-25,장편,미국,338,777703345,103625,"257,889,345","32,904",멜로/로맨스,15세관람가,독립/예술영화
다이버전트 시리즈: 얼리전트,로베르트 슈벤트케,(주)키다리이엔티,2016-05-12,장편,미국,393,818883545,103554,"280,520,645","34,203",액션,12세관람가,일반영화
저 산 너머,최종태,(주)리틀빅픽쳐스,2020-04-30,장편,한국,468,772685300,103534,"230,447,040","32,623",드라마,12세관람가,일반영화
기기괴괴 성형수,조경훈,(주)트리플픽쳐스,2020-09-09,장편,한국,276,871629560,103251,"287,238,540","36,203",공포(호러),15세관람가,독립/예술영화
람보 : 라스트 워,애드리언 그런버그,TCO(주)더콘텐츠온,2019-10-23,장편,미국,483,800099140,103199,"251,557,420","29,817",액션,청소년관람불가,일반영화
더 테이블,김종관,(주)엣나인필름,2017-08-24,장편,한국,272,830762100,103054,"473,573,400","56,654",드라마,12세관람가,독립/예술영화
공포의 묘지,"케빈 콜쉬,데니스 위드미어",롯데컬처웍스(주)롯데엔터테인먼트,2019-04-10,장편,미국,564,894409836,102826,"229,300,496","25,629",공포(호러),15세관람가,일반영화
카리스마 탈출기,권남기,(주)씨제이이엔엠,2006-03-30,장편,한국,0,0,102742,0,"17,623",코미디,15세관람가,일반영화
하우 투 루즈 프렌즈,로버트 B. 웨이드,롯데쇼핑㈜롯데엔터테인먼트,2008-10-16,장편,영국,199,647938167,102722,"313,015,167","47,542",코미디,15세관람가,일반영화
원더랜드,딜런 브라운,롯데컬처웍스(주)롯데엔터테인먼트,2019-08-14,장편,미국,404,766608510,102715,"150,575,190","18,498",애니메이션,전체관람가,일반영화
크게 될 놈,강지은,(주)영화사오원,2019-04-18,장편,한국,447,780915420,102223,"146,506,530","18,392",드라마,15세관람가,일반영화
워 호스,스티븐 스필버그,한국소니픽쳐스릴리징브에나비스타영화㈜,2012-02-09,장편,미국,229,734302500,102195,"261,101,500","35,001",전쟁,12세관람가,일반영화
루시드 드림,김준성,(주)넥스트엔터테인먼트월드(NEW),2017-02-22,장편,한국,461,759481000,102170,"225,006,500","29,168",SF,15세관람가,일반영화
거침없이 쏴라! 슛뎀업,마이클 데이비스,롯데쇼핑㈜롯데엔터테인먼트,2007-10-11,장편,미국,0,0,102152,0,"35,977",액션,청소년관람불가,일반영화
"그대, 고맙소 : 김호중 생애 첫 팬미팅 무비",기타,씨제이포디플렉스 주식회사,2020-09-29,장편,한국,106,3129974000,102008,"986,730,500","31,301",공연,전체관람가,일반영화
암전,김진원,TCO(주)더콘텐츠온,2019-08-15,장편,한국,423,898461215,101913,"247,305,495","27,117",미스터리,15세관람가,일반영화
몬스터 헌터,폴 W.S. 앤더슨,소니픽쳐스엔터테인먼트코리아주식회사극장배급지점,2021-02-10,장편,미국,668,967419750,101793,"218,097,830","22,003",액션,12세관람가,일반영화
콜드 체이싱,한스 페터 몰란트,(주)제이앤씨미디어그룹,2019-02-20,장편,영국,480,777401607,101694,"247,473,807","30,216",액션,15세관람가,독립/예술영화
박스트롤,"그레이엄 애나블,안소니 스타치",유니버설픽쳐스인터내셔널 코리아(유),2014-11-06,장편,미국,346,725030100,101665,"165,812,900","22,285",애니메이션,전체관람가,일반영화
죽지않는 인간들의 밤,신정원,TCO(주)더콘텐츠온,2020-09-29,장편,한국,570,840217440,101616,"234,955,440","27,911",코미디,15세관람가,일반영화
일대종사,왕가위,CGV아트하우스,2013-08-22,장편,중국,193,733528000,101461,"354,286,000","47,284",액션,12세관람가,독립/예술영화
R.I.P.D. : 알.아이.피.디.,로베르트 슈벤트케,유니버설픽쳐스인터내셔널 코리아(유),2013-08-22,장편,미국,268,725451071,101460,"213,165,571","27,894",액션,15세관람가,일반영화
라스트 미션,클린트 이스트우드,워너브러더스 코리아(주),2019-03-14,장편,미국,472,835560639,101293,"309,786,489","37,554",드라마,15세관람가,일반영화
바람,이성한,(주)싸이더스,2009-11-26,장편,한국,120,726321610,101197,"274,360,500","34,830",드라마,청소년관람불가,일반영화
게이트,신재호,(주)제이앤씨미디어그룹,2018-02-28,장편,한국,208,820756100,101173,"187,520,600","22,814",범죄,15세관람가,일반영화
이도공간,나지량,(주)엣나인필름,2003-06-05,장편,기타,0,0,101139,0,"45,202",스릴러,12세관람가,독립/예술영화
돌연변이,권오광,필라멘트픽쳐스,2015-10-22,장편,한국,399,748936684,100543,"196,277,284","24,547",드라마,12세관람가,일반영화
"나를 책임져, 알피",찰스 샤이어,UIP코리아,2005-01-21,장편,미국,0,0,100450,0,"52,574",코미디,청소년관람불가,일반영화
바닷마을 다이어리,고레에다 히로카즈,주식회사 왓챠,2015-12-17,장편,일본,67,821350384,100225,"603,958,884","70,987",드라마,12세관람가,독립/예술영화
21 브릿지: 테러 셧다운,브라이언 커크,(주)드림팩트엔터테인먼트,2020-01-01,장편,미국,228,774683700,100092,"280,399,900","35,037",스릴러,15세관람가,일반영화
극장판 파워레인저 트레인포스 VS 다이노포스 THE MOVIE,와타나베 카츠야,(주)스마일이엔티,2015-11-26,장편,일본,344,731072500,100054,"140,786,100","18,423",액션,전체관람가,일반영화
딥워터 호라이즌,피터 버그,플러스엠 엔터테인먼트,2017-01-25,장편,미국,433,775611543,100021,"236,676,643","30,009",액션,12세관람가,일반영화
랜드 오브 데드,조지 A. 로메로,UIP코리아,2005-09-02,장편,미국,0,0,100000,0,"29,940",공포(호러),청소년관람불가,일반영화
트랜스포터,원규,이십세기폭스필름코퍼레이션,2003-01-30,장편,미국,0,0,100000,0,"29,523",액션,15세관람가,일반영화
허니,빌 우드러프,UIP코리아,2004-03-26,장편,미국,0,0,100000,0,"47,300",드라마,15세관람가,일반영화
미니특공대X,이영준,(주)삼지애니메이션,2018-03-22,장편,한국,458,744858200,99952,"131,013,800","16,957",애니메이션,전체관람가,일반영화
아드레날린24,"마크 네빌딘,브라이언 테일러",영화사청어람(주),2007-10-03,장편,미국,0,0,99914,0,"31,130",액션,청소년관람불가,일반영화
어썰트 13,장-프랑소와 리셰,(주)튜브엔터테인먼트,2005-07-07,장편,미국,0,0,99793,0,"30,339",공포(호러),청소년관람불가,일반영화
알파독,닉 카사베츠,(주)싸이더스,2009-01-29,장편,미국,161,648950794,99692,"265,066,000","38,703",드라마,청소년관람불가,일반영화
말할 수 없는 비밀,주걸륜,(주)엔케이컨텐츠,2008-01-10,장편,기타,37,634104500,99106,"379,355,500","57,468",멜로/로맨스,12세관람가,독립/예술영화
부기맨,스테판 케이,(주)쇼박스,2005-07-28,장편,미국,0,0,98971,0,"24,759",공포(호러),12세관람가,일반영화
타운,벤 애플렉,워너브러더스 코리아(주),2011-01-27,장편,미국,158,763767000,98866,"321,492,000","40,292",드라마,청소년관람불가,일반영화
굿셰퍼드,로버트 드 니로,유니버설픽쳐스인터내셔널 코리아(유),2007-04-19,장편,미국,0,0,98834,0,"44,705",미스터리,청소년관람불가,일반영화
엘비스,바즈 루어만,워너브러더스 코리아(주),2022-07-13,장편,미국,665,1070700628,98706,"529,762,729","47,318",드라마,15세관람가,일반영화
라이언,가스 데이비스,(주)이수C&E,2017-02-01,장편,기타,205,736334100,98660,"268,044,000","35,523",드라마,12세관람가,독립/예술영화
로덴시아: 마법왕국의 전설,데이비드 비스바노,(주)영화사 빅,2013-10-02,장편,기타,221,632768500,98575,"162,525,500","24,021",애니메이션,전체관람가,독립/예술영화
투게더,첸 카이거,(주)씨네월드,2003-03-14,장편,중국,0,0,98557,0,"45,935",드라마,전체관람가,독립/예술영화
가필드-마법의 샘물,"마크 A.Z. 디페,한언덕",㈜케이디미디어,2009-02-19,장편,미국,95,577233283,98527,"175,945,000","28,165",애니메이션,전체관람가,일반영화
빌리와 용감한 녀석들 3,척 파워스,롯데쇼핑㈜롯데엔터테인먼트,2015-04-30,장편,미국,343,699788600,98495,"177,312,700","23,652",애니메이션,전체관람가,독립/예술영화
대병소장,장성,(주)싸이더스,2010-03-11,장편,기타,158,718183268,98435,"136,399,500","17,622",액션,12세관람가,일반영화
뜨거운녀석들,에드가 라이트,유니버설픽쳐스인터내셔널 코리아(유),2007-06-21,장편,영국,0,0,98398,0,"32,741",코미디,청소년관람불가,일반영화
블랙폰,스콧 데릭슨,유니버설픽쳐스인터내셔널 코리아(유),2022-09-07,장편,미국,495,997038042,98336,"296,096,118","30,251",공포(호러),15세관람가,일반영화
김광석,이상호,(주)무빙픽쳐스컴퍼니,2017-08-30,장편,한국,223,772483500,98231,"346,699,400","41,838",다큐멘터리,15세관람가,독립/예술영화
맥베스,저스틴 커젤,판씨네마(주),2015-12-03,장편,영국,141,744966853,98161,"390,696,453","49,594",드라마,15세관람가,독립/예술영화
이웃집에 신이 산다,자코 반 도마엘,(주)엣나인필름,2015-12-24,장편,기타,73,790535650,97883,"428,475,050","51,331",코미디,청소년관람불가,독립/예술영화
여중생A,이경섭,롯데컬처웍스(주)롯데엔터테인먼트,2018-06-20,장편,한국,479,811686000,97849,"304,755,500","33,816",드라마,12세관람가,일반영화
엘리자베스타운,카메론 크로우,UIP코리아,2005-11-18,장편,미국,0,0,97800,0,"51,266",코미디,12세관람가,일반영화
9:나인,쉐인 액커,에스케이텔레콤(주),2009-09-09,장편,미국,186,704611404,97787,"327,167,500","42,859",애니메이션,12세관람가,일반영화
레이디 버드,그레타 거윅,유니버설픽쳐스인터내셔널 코리아(유),2018-04-04,장편,미국,344,794126700,97777,"448,029,200","53,878",코미디,15세관람가,일반영화
아내를 죽였다,김하라,(주)케이티알파,2019-12-11,장편,한국,556,793514560,97580,"198,429,420","25,259",스릴러,15세관람가,독립/예술영화
인류멸망 보고서,김지운,롯데쇼핑㈜롯데엔터테인먼트,2012-04-11,옴니버스,한국,236,702418000,97555,"228,281,500","29,802",SF,15세관람가,일반영화
극장판 포켓몬스터 뮤츠의 역습 EVOLUTION,"유야마 쿠니히코,사카키바라 모토노리",(주)이수C&E,2020-09-30,장편,일본,591,780592310,97398,"149,593,280","17,678",애니메이션,전체관람가,일반영화
소명,신현원,(주)영화사구안,2009-04-02,장편,한국,1,609575196,97092,"316,069,500","49,169",다큐멘터리,전체관람가,독립/예술영화
쓰리 빌보드,마틴 맥도나,이십세기폭스코리아(주),2018-03-15,장편,미국,110,796847700,97079,"497,234,900","60,009",코미디,15세관람가,일반영화
다크타워: 희망의 탑,니콜라이 아르셀,소니픽쳐스엔터테인먼트코리아주식회사극장배급지점,2017-08-23,장편,미국,497,761759275,97017,"261,769,275","31,833",액션,15세관람가,일반영화
슈퍼 빼꼼: 스파이 대작전,임아론,플러스엠 엔터테인먼트,2017-05-03,장편,한국,358,691794900,97005,"115,854,000","15,029",애니메이션,전체관람가,일반영화
위대한 침묵,필립 그로닝,(주)영화사 진진,2009-12-03,장편,독일,1,698077950,96824,"539,648,500","74,456",다큐멘터리,전체관람가,독립/예술영화
하치 이야기,라세 할스트롬,(주)프라임엔터테인먼트,2010-02-18,장편,미국,163,703309748,96683,"229,465,500","29,915",드라마,전체관람가,일반영화
소피와 드래곤: 마법책의 비밀,마리나 네페도바,(주)씨제이이엔엠,2019-10-02,장편,기타,469,749609350,96495,"133,277,080","16,231",애니메이션,전체관람가,일반영화
나탈리,주경중,롯데쇼핑㈜롯데엔터테인먼트,2010-10-28,장편,한국,196,1131832453,96410,"378,799,000","32,183",멜로/로맨스,청소년관람불가,일반영화
바스티유 데이,제임스 왓킨스,롯데쇼핑㈜롯데엔터테인먼트,2016-10-13,장편,미국,422,764700600,96305,"240,785,200","29,327",액션,15세관람가,일반영화
천국의 우편배달부,이형민,(주)씨제이이엔엠,2009-11-12,장편,한국,118,644989646,96137,"215,831,000","30,310",멜로/로맨스,전체관람가,일반영화
577 프로젝트,이근우,필라멘트픽쳐스,2012-08-30,장편,한국,191,695765500,96079,"309,860,500","40,607",코미디,15세관람가,일반영화
기생령,고석진,롯데쇼핑㈜롯데엔터테인먼트,2011-08-05,장편,한국,207,746326000,96077,"213,113,500","26,314",공포(호러),청소년관람불가,일반영화
안테벨룸,"제라드 부시,크리스토퍼 렌즈",(주)올스타엔터테인먼트,2022-02-23,장편,미국,638,899691250,95983,"331,786,750","36,280",미스터리,15세관람가,독립/예술영화
퍼햅스 러브,"진가신,진가상",쇼이스트(주),2006-01-05,장편,기타,0,0,95594,0,"47,245",뮤지컬,12세관람가,일반영화
걷기왕,백승화,CGV아트하우스,2016-10-20,장편,한국,462,710905075,95542,"209,094,375","26,306",드라마,12세관람가,일반영화
무서운 이야기 3 : 화성에서 온 소녀,"백승빈,김선,김곡,민규동",롯데쇼핑㈜롯데엔터테인먼트,2016-06-01,옴니버스,한국,317,764967500,95415,"164,623,500","19,541",공포(호러),15세관람가,일반영화
진주 귀걸이를 한 소녀,피터 웨버,(주)영화사 진진,2004-09-03,장편,영국,0,0,95000,0,"46,643",드라마,청소년관람불가,독립/예술영화
소년은 울지 않는다,배형준,㈜스튜디오이쩜영,2008-11-06,장편,한국,198,599069000,94993,"160,429,000","24,244",액션,15세관람가,독립/예술영화
빈집,김기덕,영화사청어람(주),2004-10-15,장편,한국,0,0,94928,0,"34,121",드라마,15세관람가,독립/예술영화
S러버,데이빗 맥킨지,(주)싸이더스,2009-09-17,장편,미국,203,728391699,94920,"318,163,000","39,585",코미디,청소년관람불가,일반영화
용의자 X의 헌신,니시타니 히로시,(주)넥스트엔터테인먼트월드(NEW),2009-04-09,장편,일본,144,636382007,94790,"302,393,000","43,281",미스터리,12세관람가,일반영화
일사각오,"권혁만,고문안",파이오니아21,2016-03-17,장편,한국,51,682581500,94767,"234,140,700","32,943",드라마,12세관람가,일반영화
사일런스,마틴 스코세이지,(주)키다리이엔티,2017-02-28,장편,미국,342,700818300,94750,"298,799,600","38,435",드라마,15세관람가,독립/예술영화
초한지 - 천하대전,이인항,KT&G 상상마당 영화사업팀 컴퍼니에스에스(주),2012-01-11,장편,중국,167,710375000,94652,"209,634,000","26,810",액션,12세관람가,일반영화
인비저블 게스트,오리올 파울로,(주)더블앤조이픽쳐스,2017-09-21,장편,기타,232,758162200,94281,"367,271,800","44,659",범죄,15세관람가,독립/예술영화
"나, 다니엘 블레이크",켄 로치,(주)영화사 진진,2016-12-08,장편,영국,63,711080800,94266,"467,427,800","60,048",드라마,12세관람가,독립/예술영화
나의 산티아고,줄리아 폰 하인츠,(주)영화사 진진,2016-07-14,장편,독일,88,721244232,94243,"404,870,932","51,590",코미디,12세관람가,독립/예술영화
4 브라더스,존 싱글톤,UIP코리아,2005-10-14,장편,미국,0,0,94200,0,"40,000",액션,청소년관람불가,일반영화
마야2,"노엘 클리어리,세르지오 델피노",(주)영화사 빅,2018-02-01,장편,독일,429,670314200,94179,"120,929,400","15,990",애니메이션,전체관람가,독립/예술영화
커다랗고 커다랗고 커다란 배,"필립 립스키,요르겐 레르담",예지림엔터테인먼트,2018-05-03,장편,기타,350,737815900,94151,"118,028,000","14,674",애니메이션,전체관람가,독립/예술영화
아이 엠 마더,피에르 모렐,(주)삼백상회,2019-04-11,장편,미국,213,774580700,94119,"264,289,600","32,731",액션,15세관람가,일반영화
여고괴담 여섯번째 이야기 : 모교,이미영,(주)케이티알파,2021-06-17,장편,한국,603,858750700,94030,"191,369,780","21,442",미스터리,15세관람가,일반영화
아메리칸 파이 웨딩,제스 딜런,UIP코리아,2003-11-14,장편,미국,0,0,94000,0,"48,867",멜로/로맨스,청소년관람불가,일반영화
베일리 어게인,라세 할스트롬,(주)홈초이스,2018-11-22,장편,미국,189,796864900,93691,"314,266,200","35,522",어드벤처,전체관람가,독립/예술영화
귀문,심덕근,씨제이 씨지브이(CJ CGV)(주),2021-08-25,장편,한국,692,799806070,93656,"199,442,700","25,068",미스터리,15세관람가,일반영화
스텔라,권수경,씨제이 씨지브이(CJ CGV)(주),2022-04-06,장편,한국,690,848799300,93504,"184,495,170","20,765",코미디,15세관람가,일반영화
프리스트,스콧 찰스 스튜어트,한국소니픽쳐스릴리징브에나비스타영화㈜,2011-06-09,장편,미국,228,839493000,93336,"318,540,500","32,203",액션,15세관람가,일반영화
러브 앳,위고 젤랭,(주)크리픽쳐스,2019-11-27,장편,프랑스,153,746898500,93311,"318,032,500","39,138",멜로/로맨스,12세관람가,일반영화
원피스 극장판 Z,나가미네 타츠야,(주)씨제이이엔엠,2013-03-21,장편,일본,267,626891000,93239,"150,616,000","20,860",애니메이션,전체관람가,일반영화
써티 데이즈 오브 나이트,데이빗 슬레이드,㈜케이디미디어,2008-01-10,장편,미국,122,623841500,93191,"244,311,000","34,592",공포(호러),청소년관람불가,일반영화
프렌치 디스패치,웨스 앤더슨,월트디즈니컴퍼니코리아 유한책임회사,2021-11-18,장편,미국,273,998413830,93116,"640,126,680","59,283",코미디,15세관람가,독립/예술영화
태풍이 지나가고,고레에다 히로카즈,(주)티캐스트,2016-07-27,장편,일본,72,772484972,93005,"542,795,372","63,098",드라마,12세관람가,독립/예술영화
루이스,"울프강 라우엔슈타인,크리스토프 라우엔슈타인",(주)스마일이엔티,2018-09-20,장편,독일,325,729147750,93000,"175,615,150","21,102",애니메이션,전체관람가,독립/예술영화
본 투 비 블루,로버트 뷔드로,그린나래미디어(주),2016-06-09,장편,기타,147,755724082,92729,"470,656,182","55,475",드라마,청소년관람불가,독립/예술영화
파이브 피트,저스틴 밸도니,(주)누리픽쳐스,2019-04-10,장편,미국,457,805051420,92713,"318,561,630","35,861",드라마,15세관람가,일반영화
7번째 아들,세르게이 보드로프,유니버설픽쳐스인터내셔널 코리아(유),2015-02-11,장편,미국,358,729980451,92598,"218,674,251","25,546",어드벤처,12세관람가,일반영화
몬스터,팻티 젠킨스,무비즈엔터테인먼트㈜,2004-06-18,장편,독일,0,0,92535,0,"52,855",드라마,청소년관람불가,독립/예술영화
샤크 나이트 3D,데이비드 R. 엘리스,(주)화앤담이엔티,2011-09-15,장편,미국,239,855047000,92505,"249,100,500","24,237",스릴러,15세관람가,일반영화
아미티빌 호러,앤드류 더글라스,브에나비스타인터내셔널코리아,2005-07-01,장편,미국,0,0,92433,0,"32,832",공포(호러),15세관람가,일반영화
철가방 우수氏,윤학렬,(주)씨제이이엔엠,2012-11-22,장편,한국,119,604032500,92404,"267,638,500","39,370",드라마,12세관람가,독립/예술영화
방탄소년단: 옛 투 컴 인 시네마,오윤동,씨제이포디플렉스 주식회사,2023-02-01,장편,한국,120,2031919000,92369,"1,062,559,500","48,306",공연,전체관람가,일반영화
크리미널,아리엘 브로멘,(주)영화사 빅,2016-06-22,장편,영국,351,738985181,92358,"259,113,081","31,545",액션,15세관람가,독립/예술영화
메종 드 히미코,이누도 잇신,스폰지,2006-01-26,장편,일본,0,0,91960,0,"69,302",드라마,15세관람가,일반영화
어메이징 모리스,토비 젠켈,(주)블루라벨픽쳐스,2023-02-15,장편,독일,559,811786302,91833,"172,433,356","18,919",애니메이션,전체관람가,독립/예술영화
구스 베이비,크리스토퍼 젠킨스,(주)이수C&E,2019-01-16,장편,미국,424,652090360,91430,"110,715,900","14,539",애니메이션,전체관람가,일반영화
그 남자의 책 198쪽,김정권,(주)성원아이컴,2008-10-23,장편,한국,220,575174333,91387,"201,387,333","30,318",멜로/로맨스,12세관람가,일반영화
패솔로지,마크 쉬홀르만,롯데쇼핑㈜롯데엔터테인먼트,2008-04-17,장편,미국,136,569157500,91253,"220,682,000","34,212",공포(호러),청소년관람불가,일반영화
포커스,"글렌 피카라,존 레쿼",워너브러더스 코리아(주),2015-02-26,장편,미국,349,702878700,91164,"227,994,000","28,313",코미디,15세관람가,일반영화
마마,안드레스 무시에티,유니버설픽쳐스인터내셔널 코리아(유),2013-01-23,장편,미국,164,662161500,91143,"224,271,500","29,260",공포(호러),15세관람가,일반영화
데쓰 프루프,쿠엔틴 타란티노,영화사청어람(주),2007-09-06,장편,미국,0,0,91066,0,"41,727",액션,청소년관람불가,일반영화
타워 하이스트,브렛 래트너,유니버설픽쳐스인터내셔널 코리아(유),2011-11-17,장편,미국,213,631715500,90840,"192,286,000","25,972",액션,12세관람가,일반영화
노 게임 노 라이프 -제로-,이시즈카 아츠코,(주)박수엔터테인먼트,2017-10-19,장편,일본,121,739368300,90718,"202,590,300","24,302",애니메이션,12세관람가,독립/예술영화
둠스데이:지구 최후의 날,닐 마샬,영화사청어람(주),2008-06-19,장편,미국,203,598350500,90666,"184,110,500","26,258",SF,청소년관람불가,일반영화
써니 감독판,강형철,(주)씨제이이엔엠,2011-07-28,장편,한국,54,698549500,90562,"326,414,000","41,959",드라마,청소년관람불가,일반영화
시몬,앤드류 니콜,(주)씨네월드,2003-01-17,장편,미국,0,0,90485,0,"41,316",SF,15세관람가,일반영화
데스 센텐스,제임스 왕,영화사청어람(주),2007-12-06,장편,미국,0,0,90373,0,"36,397",액션,청소년관람불가,일반영화
두다다쿵: 후후섬의 비밀,"최병선,김지윤",(주)넥스트엔터테인먼트월드(NEW),2023-02-15,장편,한국,514,817803025,90281,"130,772,875","13,781",애니메이션,전체관람가,일반영화
고티카,마티유 카소비츠,한국소니픽쳐스릴리징브에나비스타영화㈜,2004-04-02,장편,미국,0,0,90062,0,"40,212",공포(호러),15세관람가,일반영화
H(에이치),이종혁,에이라인,2002-12-19,장편,한국,0,0,90000,0,"11,788",스릴러,15세관람가,일반영화
주디,루퍼트 굴드,TCO(주)더콘텐츠온,2020-03-25,장편,영국,479,738851760,89719,"323,361,140","38,273",드라마,12세관람가,독립/예술영화
완벽한 파트너,박헌수,타임스토리그룹(주),2011-11-17,장편,한국,166,676141000,89526,"187,492,000","23,729",코미디,청소년관람불가,독립/예술영화
더 보이,데이빗 야로베스키,소니픽쳐스엔터테인먼트코리아주식회사극장배급지점,2019-05-23,장편,미국,509,776591970,89429,"225,789,210","25,397",공포(호러),15세관람가,일반영화
더 매직: 리틀톰과 도둑공주,어네스토 파드롱,㈜코리아스크린,2015-09-24,장편,기타,193,653636700,89358,"152,376,100","20,244",애니메이션,전체관람가,독립/예술영화
슈퍼미니,"토마스 자보,헬레네 지라드",판씨네마(주),2014-04-10,장편,프랑스,303,640234500,89328,"160,231,000","21,281",애니메이션,전체관람가,일반영화
오베라는 남자,하네스 홀름,(주)싸이더스,2016-05-25,장편,기타,255,711736888,89103,"359,658,888","43,635",드라마,12세관람가,독립/예술영화
기묘한 이야기,"호시 마모루,오치아이 마사유키,오구라 히사오,스즈키 마사유키",이십세기폭스코리아(주),2003-02-21,장편,일본,0,0,89000,0,"31,400",공포(호러),청소년관람불가,일반영화
페이스 블라인드,줄리앙 마그넷,(주)마인스 엔터테인먼트,2012-06-21,장편,미국,179,660556169,88977,"227,353,169","28,629",범죄,청소년관람불가,일반영화
더 콜,브래드 앤더슨,(주)넥스트엔터테인먼트월드(NEW),2013-06-20,장편,미국,241,626952634,88953,"238,777,634","32,488",스릴러,청소년관람불가,일반영화
콜드 라잇 오브 데이,마브룩 엘 메크리,씨너스엔터테인먼트(주),2012-05-17,장편,미국,245,636555090,88522,"214,464,090","28,596",액션,15세관람가,일반영화
다음 소희,정주리,트윈플러스파트너스(주),2023-02-08,장편,한국,562,847134216,88489,"340,244,643","34,577",드라마,15세관람가,독립/예술영화
레이니 데이 인 뉴욕,우디 앨런,그린나래미디어(주),2020-05-06,장편,미국,563,784272200,88440,"338,103,180","37,178",코미디,15세관람가,독립/예술영화
살인자,이기욱,(주)영화사 빅,2014-01-15,장편,한국,207,656849000,88199,"93,792,500","11,952",스릴러,청소년관람불가,독립/예술영화
레고 무비2,마이크 미첼,워너브러더스 코리아(주),2019-02-06,장편,미국,442,680374040,88105,"182,185,020","22,018",애니메이션,전체관람가,일반영화
미드소마,아리 애스터,(주)팝엔터테인먼트,2019-07-11,장편,미국,388,800891816,88055,"446,066,766","48,211",공포(호러),청소년관람불가,독립/예술영화
그대 이름은 장미,조석현,(주)리틀빅픽쳐스,2019-01-16,장편,한국,540,735782970,88054,"231,834,480","26,485",코미디,12세관람가,일반영화
페이트 스테이 나이트 헤븐즈필 제3장 스프링 송,스도 토모노리,(주)애니플러스,2020-10-22,장편,일본,149,787515610,87996,"296,446,090","31,729",애니메이션,15세관람가,일반영화
비몽,김기덕,(주)스폰지이엔티,2008-10-09,장편,한국,100,585055618,87963,"311,688,500","45,042",드라마,청소년관람불가,독립/예술영화
락 오브 에이지,아담 쉥크만,워너브러더스 코리아(주),2012-08-02,장편,미국,243,634870496,87915,"249,357,455","33,412",뮤지컬,15세관람가,일반영화
렛 미 인,토마스 알프레드슨,씨네그루(주)다우기술,2008-11-13,장편,기타,50,587407378,87908,"355,765,000","51,284",공포(호러),15세관람가,독립/예술영화
몬스터 콜,후안 안토니오 바요나,롯데쇼핑㈜롯데엔터테인먼트,2017-09-14,장편,기타,349,686273900,87841,"299,085,800","36,865",판타지,12세관람가,독립/예술영화
사우스포,안톤 후쿠아,씨네그루(주)다우기술,2015-12-03,장편,미국,335,649386248,87426,"210,497,148","26,835",드라마,15세관람가,일반영화
내일의 기억,츠츠미 유키히코,유니버설픽쳐스인터내셔널 코리아(유),2007-05-10,장편,일본,0,0,87354,0,"42,018",드라마,12세관람가,일반영화
갤로우즈,"트래비스 클러프,크리스 로핑",워너브러더스 코리아(주),2015-09-03,장편,미국,299,674767406,87301,"144,252,106","17,990",공포(호러),15세관람가,일반영화
팅커 테일러 솔저 스파이,토마스 알프레드슨,주식회사 왓챠,2012-02-09,장편,영국,187,648304500,87155,"280,860,000","36,114",스릴러,15세관람가,일반영화
김복동,송원근,(주)엣나인필름,2019-08-08,장편,한국,366,696375860,87139,"302,552,820","35,968",다큐멘터리,12세관람가,독립/예술영화
내쇼날 시큐리티,데니스 듀간,콜럼비아트라이스타,2003-05-16,장편,미국,0,0,87064,0,"27,004",액션,12세관람가,일반영화
나나,오타니 겐타로,(주)엠케이픽처스,2006-03-30,장편,일본,0,0,86855,0,"31,096",드라마,12세관람가,일반영화
셜록 놈즈,존 스티븐슨,(주)키다리이엔티,2018-10-03,장편,미국,440,644661200,86784,"152,642,850","19,724",애니메이션,전체관람가,독립/예술영화
펭귄 - 위대한 모험(다큐),뤽 자케,(주)튜브엔터테인먼트,2005-08-11,장편,프랑스,0,0,86623,0,"30,970",다큐멘터리,전체관람가,일반영화
허큘리스,브렛 래트너,워너브러더스 코리아(주),2014-08-06,장편,미국,278,669733800,86528,"197,356,400","24,172",액션,15세관람가,일반영화
플로리다 프로젝트,션 베이커,오드,2018-03-07,장편,미국,126,726925600,86406,"476,695,400","55,275",드라마,15세관람가,독립/예술영화
시리아나,스티븐 개건,워너브러더스 코리아(주),2006-03-30,장편,미국,0,0,86400,0,"39,857",스릴러,15세관람가,일반영화
슈퍼 프렌즈,"이경호,이원재",(주)키다리이엔티,2016-08-10,장편,한국,255,633274600,86293,"131,979,300","16,778",애니메이션,전체관람가,독립/예술영화
보리울의 여름,이민용,아우라엔터테인먼트,2003-04-25,장편,한국,0,0,86000,0,"33,450",드라마,전체관람가,독립/예술영화
여고생 시집가기,오덕환,무비즈엔터테인먼트㈜,2004-12-23,장편,한국,0,0,85840,0,"8,088",코미디,15세관람가,일반영화
노매드랜드,클로이 자오,월트디즈니컴퍼니코리아 유한책임회사,2021-04-15,장편,미국,181,800972240,85663,"495,701,190","52,631",드라마,12세관람가,독립/예술영화
엘프,존 파브로,이십세기폭스코리아(주),2004-12-15,장편,미국,0,0,85614,0,"33,367",코미디,전체관람가,일반영화
숀더쉽,"마크 버튼,리처드 스타잭",(주)박수엔터테인먼트,2015-08-13,장편,영국,263,592435000,85568,"144,352,300","19,454",애니메이션,전체관람가,독립/예술영화
디 아이,"데이빗 모로,자비에 팔뤼",(주)쇼박스,2008-06-05,장편,미국,108,542600500,85559,"142,351,000","21,657",공포(호러),15세관람가,일반영화
빅 아이즈,팀 버튼,판씨네마(주),2015-01-28,장편,미국,290,651316335,85200,"333,321,635","42,902",드라마,12세관람가,독립/예술영화
레전드 오브 래빗,순리준,(주)화앤담이엔티,2012-02-22,장편,중국,225,581200500,85184,"122,319,500","16,874",애니메이션,전체관람가,일반영화
유스,파올로 소렌티노,그린나래미디어(주),2016-01-07,장편,기타,65,661767600,85166,"449,133,200","55,637",드라마,15세관람가,독립/예술영화
상성: 상처받은 도시,"유위강,맥조휘",(주)쇼박스,2007-05-31,장편,기타,0,0,85076,0,"35,852",액션,청소년관람불가,일반영화
필립모리스,"존 레쿼,글렌 피카라",㈜케이디미디어,2010-07-01,장편,프랑스,38,649568183,84859,"276,563,500","34,799",코미디,청소년관람불가,일반영화
옥보단 3D,손립기,(주)화앤담이엔티,2011-05-12,장편,기타,269,969826000,84798,"312,364,500","26,227",성인물(에로),청소년관람불가,일반영화
나의 청춘은 너의 것,"주동,대몽영",오드,2020-04-29,장편,기타,533,714892500,84442,"205,056,740","23,586",멜로/로맨스,12세관람가,독립/예술영화
극장판 썬더일레븐GO : 궁극의 우정 그리폰,미야오 요시카즈,에이원엔터테인먼트,2012-05-24,장편,일본,243,574947000,84255,"115,189,000","15,267",애니메이션,전체관람가,일반영화
어린 왕자,최종현,롯데쇼핑㈜롯데엔터테인먼트,2008-01-17,장편,한국,181,493292500,84015,"121,782,500","19,329",드라마,12세관람가,일반영화
왼편 마지막 집,데니스 일리아디스,유니버설픽쳐스인터내셔널 코리아(유),2009-09-03,장편,미국,158,632634348,83864,"202,305,000","25,327",공포(호러),청소년관람불가,일반영화
뉴욕 아이 러브 유,"알렌 휴즈,파티 아킨,조슈아 마스턴,미라 네이어,이와이 슌지,나탈리 포트만,세자르 카푸르,이반 아탈,강문,브렛 래트너",㈜케이디미디어,2009-10-22,장편,미국,95,647982325,83600,"361,427,500","45,635",코미디,15세관람가,일반영화
신은 죽지 않았다 3: 어둠 속의 빛,마이클 메이슨,(주)영화사 그램,2018-07-19,장편,미국,179,646846900,83474,"144,472,000","17,629",드라마,12세관람가,독립/예술영화
거미숲,송일곤,영화사청어람(주),2004-09-03,장편,한국,0,0,83411,0,"33,847",미스터리,청소년관람불가,독립/예술영화
스위치,"조쉬 고든,윌 스펙",씨너스엔터테인먼트(주),2010-12-01,장편,미국,163,564596900,83346,"233,302,000","32,409",멜로/로맨스,15세관람가,일반영화
와일드,장 마크 발레,이십세기폭스코리아(주),2015-01-22,장편,미국,58,665271800,83334,"408,810,700","50,722",드라마,청소년관람불가,독립/예술영화
폴: 600미터,스콧 만,(주)스튜디오디에이치엘,2022-11-16,장편,영국,463,825147338,83310,"274,041,535","28,854",스릴러,12세관람가,일반영화
짱구는 못말려 극장판：엄청 맛있어! B급 음식 서바이벌!,하시모토 마사카즈,롯데쇼핑㈜롯데엔터테인먼트,2014-04-03,장편,일본,301,588913100,83289,"107,715,900","14,436",애니메이션,전체관람가,일반영화
세자매,이승원,(주)리틀빅픽쳐스,2021-01-27,장편,한국,569,702123930,83275,"229,146,900","27,217",드라마,15세관람가,독립/예술영화
지랄발광 17세,켈리 프레몬,소니픽쳐스엔터테인먼트코리아주식회사극장배급지점,2017-06-28,장편,미국,90,656251800,83258,"254,855,800","31,766",코미디,15세관람가,독립/예술영화
뷰티풀 크리처스,리차드 라그라브네스,롯데쇼핑㈜롯데엔터테인먼트,2013-04-18,장편,미국,278,582030544,82995,"192,640,044","26,361",스릴러,15세관람가,일반영화
사랑에 빠지는 아주 특별한 법칙,피터 호윗,코리아픽쳐스(주),2004-11-12,장편,기타,0,0,82800,0,"34,289",멜로/로맨스,15세관람가,일반영화
더 이퀄라이저,안톤 후쿠아,유니버설픽쳐스인터내셔널 코리아(유),2015-01-28,장편,미국,255,639464500,82779,"220,031,900","28,526",액션,청소년관람불가,일반영화
라르고 윈치,제롬 샬레,(주)프라임엔터테인먼트,2009-08-20,장편,프랑스,163,628575878,82610,"298,778,000","37,592",어드벤처,청소년관람불가,일반영화
씬 시티: 다크히어로의 부활,"프랭크 밀러,로버트 로드리게즈",플러스엠 엔터테인먼트,2014-09-11,장편,미국,345,650282748,82571,"295,313,748","36,080",액션,청소년관람불가,일반영화
어니스트 씨프,마크 윌리엄스,(주)올스타엔터테인먼트,2021-02-03,장편,미국,554,724854260,82388,"211,342,010","24,809",액션,15세관람가,일반영화
도라에몽: 스탠바이미 2,야기 류이치,(주)스마일이엔티,2021-05-19,장편,일본,631,712260330,82311,"135,454,900","15,316",애니메이션,전체관람가,일반영화
파도가 지나간 자리,데릭 시엔프랜스,CGV아트하우스,2017-03-08,장편,미국,276,634595200,82177,"263,656,600","33,216",드라마,15세관람가,독립/예술영화
다이노X 탐험대,이동희,(주)이수C&E,2016-05-04,장편,한국,348,634339900,82148,"122,013,400","15,164",애니메이션,전체관람가,독립/예술영화
스펜서,파블로 라라인,(주)영화특별시에스엠씨,2022-03-16,장편,영국,730,771154130,82031,"397,441,260","41,496",드라마,12세관람가,독립/예술영화
헌티드,윌리엄 프리드킨,(주)튜브엔터테인먼트,2004-03-12,장편,미국,0,0,81973,0,"39,535",액션,청소년관람불가,일반영화
출국,노규엽,기타,2018-11-14,장편,한국,274,639521850,81722,"244,385,200","32,001",드라마,15세관람가,독립/예술영화
젠틀맨,가이 리치,(주)영화사 빅,2020-02-26,장편,미국,586,665658710,81482,"299,813,360","36,075",범죄,청소년관람불가,일반영화
노 브레인 레이스,제리 주커,롯데쇼핑㈜롯데시네마,2004-09-24,장편,미국,0,0,81423,0,"23,518",코미디,12세관람가,일반영화
아따맘마 - 극장판,야스미 테츠오,에이원엔터테인먼트,2011-02-17,장편,일본,90,533355500,81352,"110,413,000","15,687",애니메이션,전체관람가,일반영화
꼬마참새 리차드: 아프리카 원정대,"토비 젠켈,레자 메마리",(주)키다리이엔티,2017-06-15,장편,독일,319,599076600,81136,"110,244,400","13,844",애니메이션,전체관람가,독립/예술영화
터널 3D,박규택,(주)박수엔터테인먼트,2014-08-20,장편,한국,264,620874000,80989,"141,924,500","17,219",공포(호러),15세관람가,일반영화
원 챈스,데이빗 프랭클,(주)라이크콘텐츠,2014-03-13,장편,영국,329,593174100,80977,"227,216,900","29,412",코미디,12세관람가,독립/예술영화
"우리, 사랑해도 되나요?",토마스 베주차,이십세기폭스필름코퍼레이션,2005-12-15,장편,미국,0,0,80900,0,"40,000",멜로/로맨스,15세관람가,일반영화
더 퀸,스티븐 프리어스,(주)씨지브이신도림,2007-02-15,장편,영국,0,0,80769,0,"47,093",다큐멘터리,12세관람가,독립/예술영화
최악의 하루,김종관,CGV아트하우스,2016-08-25,장편,한국,199,639959190,80754,"351,625,290","43,550",멜로/로맨스,15세관람가,독립/예술영화
지금은맞고그때는틀리다,홍상수,(주)콘텐츠판다,2015-09-24,장편,한국,59,664112100,80614,"463,272,700","54,576",드라마,청소년관람불가,독립/예술영화
엑스페리먼트,폴 쉐어링,(주)새인컴퍼니,2010-08-11,장편,미국,110,583702363,80367,"185,043,000","24,383",드라마,15세관람가,독립/예술영화
아무르,미카엘 하네케,(주)티캐스트,2012-12-19,장편,프랑스,29,615934600,80345,"497,091,600","62,545",드라마,15세관람가,독립/예술영화
두 번째 사랑,김진아,(주)프라임엔터테인먼트,2007-06-21,장편,한국,0,0,80248,0,"46,421",드라마,청소년관람불가,독립/예술영화
프렌즈 위드 베네핏,윌 글럭,한국소니픽쳐스릴리징브에나비스타영화㈜,2011-10-27,장편,미국,210,591765000,80197,"312,231,500","41,457",코미디,청소년관람불가,일반영화
런어웨이,게리 플레더,이십세기폭스필름코퍼레이션,2004-01-30,장편,미국,0,0,80030,0,"39,663",스릴러,15세관람가,일반영화
코치 카터,토머스 카터,UIP코리아,2005-05-13,장편,미국,0,0,80000,0,"33,364",드라마,15세관람가,일반영화
에어로너츠,톰 하퍼,(주)홈초이스,2020-06-10,장편,영국,534,691188500,79877,"284,464,760","32,538",드라마,12세관람가,독립/예술영화
로스트 인 더스트,데이빗 맥킨지,플러스엠 엔터테인먼트,2016-11-03,장편,미국,354,621368822,79812,"265,854,522","33,568",범죄,15세관람가,일반영화
오 마이 그랜파,댄 마저,판씨네마(주),2016-03-17,장편,미국,396,632806532,79701,"222,196,232","27,230",코미디,청소년관람불가,일반영화
타임라인,리차드 도너,(주)튜브엔터테인먼트,2004-02-27,장편,미국,0,0,79650,0,"27,251",SF,15세관람가,일반영화
꿀벌 하치의 대모험,아미노 테츠로,(주)박수엔터테인먼트,2011-01-13,장편,일본,141,525369500,79625,"135,325,500","18,895",애니메이션,전체관람가,일반영화
미쓰 루시힐,조나스 엘머,(주)쇼박스,2009-04-09,장편,미국,138,535856585,79471,"266,454,000","37,787",코미디,12세관람가,일반영화
드래곤 스펠: 마법 꽃의 비밀,마누크 데포얀,㈜코리아스크린,2017-08-15,장편,독일,164,582071200,79446,"113,863,100","15,015",애니메이션,전체관람가,독립/예술영화
소리꾼,조정래,(주)리틀빅픽쳐스,2020-07-01,장편,한국,573,642120680,79215,"183,695,800","22,306",사극,12세관람가,일반영화
페이스 오브 러브,아리 포신,(주)영화사 빅,2014-04-16,장편,미국,222,585768905,79179,"281,603,905","36,996",드라마,15세관람가,독립/예술영화
인민을 위해 복무하라,장철수,(주)제이앤씨미디어그룹,2022-02-23,장편,한국,598,709334190,79105,"223,558,850","26,380",멜로/로맨스,청소년관람불가,일반영화
분신사바 2,안병기,(주)팝엔터테인먼트,2014-07-16,장편,중국,238,574836300,79017,"107,231,000","13,907",공포(호러),15세관람가,독립/예술영화
프리다,줄리 테이머,코리아픽쳐스(주),2003-11-21,장편,미국,0,0,79000,0,"66,100",드라마,청소년관람불가,독립/예술영화
너와 100번째 사랑,츠키카와 쇼,(주)디스테이션,2017-05-25,장편,일본,140,620733200,78930,"193,154,900","23,328",드라마,12세관람가,독립/예술영화
극장판 미니특공대: 공룡왕 디노,이영준,(주)리틀빅픽쳐스,2020-02-06,장편,한국,485,613273720,78929,"84,585,600","10,052",애니메이션,전체관람가,일반영화
바다 탐험대 옥토넛 : 탐험선 대작전,기타,와이드 릴리즈(주),2022-08-11,장편,영국,241,744749950,78910,"153,159,850","15,760",애니메이션,전체관람가,독립/예술영화
코다,션 헤이더,판씨네마(주),2021-08-31,장편,프랑스,308,707930599,78583,"366,887,290","40,312",드라마,12세관람가,독립/예술영화
토토의 움직이는 숲,에스벤 토프트 야콥슨,(주)미디어데이,2013-06-20,장편,기타,191,502754000,78571,"84,224,500","11,937",애니메이션,전체관람가,독립/예술영화
메디엄,피터 콘웰,에스케이텔레콤(주),2009-07-29,장편,미국,156,570842804,78494,"234,047,500","30,149",공포(호러),15세관람가,일반영화
오즈: 신기한 마법가루,블라디미르 토로프킨,(주)스마일이엔티,2017-07-20,장편,기타,343,565456600,78440,"136,995,800","18,133",애니메이션,전체관람가,독립/예술영화
세인트 빈센트,데오도르 멜피,(주)영화사 빅,2015-03-05,장편,미국,308,604885528,78336,"225,289,928","28,351",코미디,12세관람가,독립/예술영화
룸,레니 에이브러햄슨,(주)팝엔터테인먼트,2016-03-03,장편,기타,333,621606700,78253,"270,557,400","33,076",드라마,15세관람가,독립/예술영화
플라이트93,폴 그린그래스,UIP코리아,2006-09-08,장편,미국,0,0,78220,0,"28,206",범죄,15세관람가,일반영화
나크,조 카나한,(주)씨제이이엔엠,2003-06-20,장편,미국,0,0,78156,0,"32,983",범죄,15세관람가,일반영화
모데카이,데이빗 코엡,(주)나이너스엔터테인먼트,2015-02-18,장편,미국,290,624513020,78070,"297,995,120","36,209",액션,15세관람가,일반영화
엑스 마키나,알렉스 가랜드,유니버설픽쳐스인터내셔널 코리아(유),2015-01-21,장편,미국,207,629716963,78049,"316,342,463","38,747",SF,청소년관람불가,일반영화
호텔 아르테미스,드류 피어스,판씨네마(주),2018-07-18,장편,미국,465,646127100,77794,"188,005,400","21,929",액션,15세관람가,일반영화
극장판 콩순이: 장난감나라 대모험,이선명,(주)넥스트엔터테인먼트월드(NEW),2021-05-05,장편,한국,690,679380620,77786,"117,253,710","13,171",애니메이션,전체관람가,독립/예술영화
쓰리 썸머 나잇,김상진,(주)리틀빅픽쳐스,2015-07-15,장편,한국,297,616132846,77621,"185,973,246","22,302",코미디,청소년관람불가,일반영화
알이씨(Rec),"하우메 발라게로,파코 플라자",유니버설픽쳐스인터내셔널 코리아(유),2008-07-10,장편,기타,97,524571500,77533,"200,292,000","27,830",공포(호러),청소년관람불가,일반영화
드라이브 마이 카,하마구치 류스케,(주)트리플픽쳐스,2021-12-23,장편,일본,69,716149880,77359,"500,702,860","52,857",드라마,15세관람가,독립/예술영화
아더 우먼,닉 카사베츠,이십세기폭스코리아(주),2014-11-13,장편,미국,331,580257218,77341,"235,786,718","30,406",코미디,15세관람가,일반영화
매직 인 더 문라이트,우디 앨런,(주)인벤트스톤,2014-08-20,장편,미국,194,607414281,77308,"372,669,681","45,981",코미디,12세관람가,독립/예술영화
노다메 칸타빌레 Vol.1,타케우치 히데키,(주)미로비젼,2010-09-09,장편,일본,26,561780176,77074,"290,619,000","38,520",코미디,전체관람가,일반영화
100 피트,에릭 레드,(주)싸이더스,2008-07-24,장편,미국,133,505925500,76985,"152,378,000","21,447",공포(호러),15세관람가,일반영화
참을 수 없는,권칠인,(주)시너지하우스 (시너지),2010-10-21,장편,한국,220,575770952,76965,"193,434,000","25,171",멜로/로맨스,청소년관람불가,독립/예술영화
정사,패트리스 셰로,(주)스폰지이엔티,2003-10-31,장편,프랑스,0,0,76834,0,"31,842",드라마,청소년관람불가,독립/예술영화
타임 패러독스,"마이클 스피어리그,피터 스피어이그",(유)조이앤시네마,2015-01-07,장편,기타,232,602296908,76803,"220,836,608","27,156",SF,15세관람가,독립/예술영화
"어쩌다, 결혼","박호찬,박수진",CGV아트하우스,2019-02-27,장편,한국,529,586584249,76746,"183,109,419","22,596",멜로/로맨스,12세관람가,독립/예술영화
피닉스,존 무어,이십세기폭스필름코퍼레이션,2005-02-04,장편,미국,0,0,76700,0,"23,050",액션,12세관람가,일반영화
왓 어 걸 원츠,데니 고든,기타,2003-08-22,장편,미국,0,0,76400,0,"37,100",멜로/로맨스,전체관람가,일반영화
러덜리스,윌리엄 H. 머시,그린나래미디어(주),2015-07-09,장편,미국,117,602152720,76343,"328,229,620","40,262",코미디,12세관람가,독립/예술영화
엽기적인 그녀 2,조근식,(주)리틀빅픽쳐스,2016-05-12,장편,한국,387,588233900,76321,"143,965,300","18,030",멜로/로맨스,15세관람가,일반영화
맨 인 더 다크 2,로도 사야구에즈,소니픽쳐스엔터테인먼트코리아주식회사극장배급지점,2021-09-01,장편,미국,248,765928300,76265,"192,661,600","19,599",공포(호러),청소년관람불가,일반영화
왕후 심청,넬슨 신,(주)영화사한결,2005-08-11,장편,한국,0,0,75957,0,"22,759",애니메이션,전체관람가,일반영화
하이큐!! 끝과 시작,미츠나카 스스무,(주)팝엔터테인먼트,2016-11-16,장편,일본,130,544846000,75704,"158,050,000","20,943",애니메이션,12세관람가,일반영화
나의 로맨틱 가이드,도널드 페트리,(주)성원아이컴,2009-08-27,장편,미국,130,535685529,75668,"248,762,000","34,039",코미디,15세관람가,일반영화
오두막,스튜어트 하젤딘,판씨네마(주),2017-04-20,장편,미국,396,581005200,75657,"301,447,100","38,001",드라마,12세관람가,독립/예술영화
21 그램,알레한드로 곤잘레스 이냐리투,(주)영화사한결,2004-10-23,장편,미국,0,0,75647,0,"42,491",드라마,청소년관람불가,독립/예술영화
개구리중사 케로로,사토 준이치,롯데쇼핑㈜롯데엔터테인먼트,2006-05-04,장편,일본,0,0,75642,0,"10,846",애니메이션,전체관람가,일반영화
피치 퍼펙트: 언프리티 걸즈,엘리자베스 뱅크스,유니버설픽쳐스인터내셔널 코리아(유),2015-05-28,장편,미국,297,591516497,75598,"240,698,797","29,268",코미디,15세관람가,일반영화
블룸 형제 사기단,라이언 존슨,(주)시너지하우스 (시너지),2009-06-18,장편,미국,144,502498186,75462,"223,745,000","32,297",코미디,12세관람가,일반영화
조조-황제의 반란,조림산,롯데쇼핑㈜롯데엔터테인먼트,2012-10-18,장편,중국,227,535668500,75297,"161,061,000","21,771",사극,15세관람가,일반영화
뎀,"데이빗 모로,자비에 팔뤼",(주)누리픽쳐스,2006-04-20,장편,프랑스,0,0,75126,0,"26,997",공포(호러),15세관람가,일반영화
브릭 맨션: 통제불능 범죄구역,카밀 들라마레,씨네그루(주)다우기술,2014-08-27,장편,프랑스,287,543025047,74912,"161,570,947","21,613",액션,15세관람가,일반영화
귀여워,김수현,(주)튜브엔터테인먼트,2004-11-26,장편,한국,0,0,74905,0,"22,253",드라마,청소년관람불가,독립/예술영화
회초리,박광우,롯데쇼핑㈜롯데엔터테인먼트,2011-05-19,장편,한국,142,479093000,74765,"178,532,000","28,322",드라마,12세관람가,일반영화
드림업,토드 그라프,㈜케이디미디어,2009-09-03,장편,미국,212,519832169,74416,"185,516,500","25,244",드라마,12세관람가,일반영화
극장판 포켓몬스터 AG - 아름다운 소원의 별 지라치,유야마 쿠니히코,(주)포켓몬코리아,2014-08-13,장편,일본,123,531113700,74346,"130,486,400","17,887",애니메이션,전체관람가,일반영화
외톨이,박재식,(주)성원아이컴,2008-09-18,장편,한국,199,474493500,74282,"113,783,000","16,817",공포(호러),15세관람가,일반영화
에반게리온 : 서(序),"안노 히데아키,츠루마키 카즈야,마샤유키",(주)태원엔터테인먼트,2008-01-24,장편,일본,19,490698000,74242,"285,943,000","41,686",애니메이션,12세관람가,일반영화
쿵후팬더: 영웅의 탄생,레오 로,(주)미디어데이,2013-07-04,장편,중국,197,465317000,74143,"83,354,500","12,100",애니메이션,전체관람가,독립/예술영화
센츄리온,닐 마샬,(주)쇼박스,2010-08-26,장편,영국,143,553415176,74131,"173,759,500","22,071",액션,청소년관람불가,독립/예술영화
피라냐 3DD,존 걸레거,롯데쇼핑㈜롯데엔터테인먼트,2012-08-01,장편,미국,269,639495500,74044,"172,485,500","18,959",공포(호러),청소년관람불가,일반영화
로맨틱 헤븐,장진,(주)시네마서비스,2011-03-24,장편,한국,260,542739500,73729,"205,652,500","26,655",드라마,12세관람가,일반영화
베니싱,브래드 앤더슨,(주)넥스트엔터테인먼트월드(NEW),2011-03-31,장편,미국,181,542044000,73582,"174,437,000","22,748",미스터리,12세관람가,일반영화
위자,스틸즈 화이트,유니버설픽쳐스인터내셔널 코리아(유),2015-04-16,장편,미국,337,570154035,73549,"143,358,035","17,902",미스터리,15세관람가,일반영화
리스본행 야간열차,빌 어거스트,(주)나이너스엔터테인먼트,2014-06-05,장편,독일,57,565928536,73462,"388,377,236","49,002",미스터리,15세관람가,독립/예술영화
바다 탐험대 옥토넛 시즌4: 더 파이널,다라 오코넬,와이드 릴리즈(주),2017-06-01,장편,영국,167,478767000,73417,"117,397,000","17,400",애니메이션,전체관람가,독립/예술영화
카운트다운,기타,(주)제이앤씨미디어그룹,2019-12-12,장편,미국,238,611133000,73412,"188,656,500","22,405",공포(호러),15세관람가,일반영화
두 개의 문,"김일란,홍지유",(주)시네마달,2012-06-21,장편,한국,18,503138000,73298,"273,992,500","37,372",다큐멘터리,15세관람가,독립/예술영화
도그빌,라스 폰 트리에,기타,2003-08-01,장편,기타,0,0,73200,0,"49,300",범죄,청소년관람불가,독립/예술영화
나우이즈굿,올 파커,(주)인벤트스톤,2012-11-08,장편,영국,144,501607000,73139,"297,880,000","42,570",드라마,15세관람가,독립/예술영화
더 클럽,마르셀 랭겐거,(주)시너지하우스 (시너지),2008-10-02,장편,미국,137,490754500,73126,"231,393,500","33,091",멜로/로맨스,청소년관람불가,일반영화
브라보 마이 라이프,박영훈,(주)쇼박스,2007-09-06,장편,한국,0,0,73034,0,"19,906",드라마,12세관람가,일반영화
돈 룩 업,아담 맥케이,씨제이 씨지브이(CJ CGV)(주),2021-12-08,장편,미국,656,703603870,72980,"265,359,360","27,164",코미디,15세관람가,일반영화
호텔 뭄바이,앤소니 마라스,글뫼 주식회사,2019-05-08,장편,기타,207,599904700,72950,"242,021,000","29,325",스릴러,15세관람가,독립/예술영화
빅샤크3: 젤리몬스터 대소동,신우,(주)팝엔터테인먼트,2020-07-29,장편,중국,400,562559660,72912,"62,620,460","7,772",애니메이션,전체관람가,일반영화
너를 잊지 않을 거야,하나도 준지,롯데쇼핑㈜롯데엔터테인먼트,2008-10-30,장편,일본,139,396603500,72895,"79,717,500","13,524",드라마,전체관람가,일반영화
엽문4: 더 파이널,엽위신,(주)키다리이엔티,2020-04-01,장편,기타,206,630556300,72886,"182,738,000","20,918",액션,12세관람가,독립/예술영화
로망,이창근,(주)메리크리스마스,2019-04-03,장편,한국,405,527390400,72761,"134,919,660","18,197",멜로/로맨스,전체관람가,독립/예술영화
내 친구의 사생활,다이앤 잉글리쉬,(주)엠플러스픽쳐스,2008-10-09,장편,미국,129,467412333,72724,"233,453,833","34,471",멜로/로맨스,15세관람가,일반영화
내 남자 친구는 왕자님,마사 쿨리지,한국소니픽쳐스릴리징브에나비스타영화㈜,2004-06-18,장편,미국,0,0,72694,0,"37,958",멜로/로맨스,12세관람가,일반영화
집결호,펑샤오강,(주)시네마서비스,2008-03-06,장편,중국,160,466837500,72582,"136,137,000","20,228",액션,12세관람가,일반영화
위대한 탄생,캐서린 하드윅,와이드 릴리즈(주),2006-12-21,장편,미국,0,0,72574,0,"25,940",드라마,전체관람가,독립/예술영화
파워레인져스: 더 비기닝,딘 이스라엘리트,(주)넥스트엔터테인먼트월드(NEW),2017-04-20,장편,미국,479,570203561,72495,"181,869,261","22,185",액션,12세관람가,일반영화
소년시절의 너,증국상,(주)영화특별시에스엠씨,2020-07-09,장편,중국,252,615471500,72419,"265,587,900","30,665",멜로/로맨스,15세관람가,독립/예술영화
언더월드: 블러드 워,안나 포에스터,유니버설픽쳐스인터내셔널 코리아(유),2016-11-30,장편,미국,183,567567100,72071,"159,452,300","19,859",액션,15세관람가,일반영화
쿰바: 반쪽무늬 얼룩말의 대모험,앤서니 실버스톤,(주)와이즈베이,2014-09-04,장편,기타,180,521639900,72046,"110,226,700","14,492",애니메이션,전체관람가,독립/예술영화
화이트 고릴라,안드레스 G. 슈에,(주)마인스 엔터테인먼트,2013-10-31,장편,기타,182,464078500,71796,"108,506,500","15,688",애니메이션,전체관람가,일반영화
청원,산제이 렐라 반살리,이언픽쳐스,2011-11-02,장편,기타,181,511705000,71506,"213,842,000","28,356",드라마,12세관람가,독립/예술영화
프란시스 하,노아 바움백,그린나래미디어(주),2014-07-17,장편,미국,70,560752570,71506,"379,015,370","46,889",코미디,15세관람가,독립/예술영화
모뉴먼츠 맨: 세기의 작전,조지 클루니,이십세기폭스코리아(주),2014-02-27,장편,미국,319,534041027,71483,"226,183,427","28,923",액션,12세관람가,일반영화
용호문,엽위신,㈜스튜디오이쩜영,2007-05-10,장편,기타,0,0,71454,0,"15,768",액션,12세관람가,일반영화
더 서클,제임스 폰솔트,(주)키다리이엔티,2017-06-22,장편,미국,169,578129700,71362,"219,357,800","26,472",드라마,12세관람가,독립/예술영화
정글히어로,"박태동,마우리시오 드 라 오르타",(주)씨제이이엔엠,2014-10-02,장편,한국,287,506194300,71330,"110,466,600","14,870",애니메이션,전체관람가,일반영화
트랩,유위강,아이비젼엔터테인먼트(주),2009-01-29,장편,미국,162,490065432,71294,"170,980,500","23,842",범죄,청소년관람불가,일반영화
투 마더스,앤 폰테인,(주)싸이더스,2013-08-22,장편,프랑스,198,497511000,71264,"219,430,500","29,994",드라마,청소년관람불가,독립/예술영화
위 오운 더 나잇,제임스 그레이,유니버설픽쳐스인터내셔널 코리아(유),2008-05-29,장편,미국,133,471961500,71212,"176,628,500","25,371",범죄,청소년관람불가,일반영화
프레이 포 더 데블,다니엘 스탬,(주)올스타엔터테인먼트,2022-12-07,장편,미국,517,716490477,71069,"206,471,280","20,628",미스터리,15세관람가,일반영화
무도리,이형선,(주)씨제이이엔엠,2006-09-21,장편,한국,0,0,70969,0,"18,942",드라마,15세관람가,일반영화
돈비 어프레이드 : 어둠 속의 속삭임,트로이 닉시,(주)화앤담이엔티,2011-08-25,장편,미국,232,521600500,70506,"172,807,500","22,169",공포(호러),15세관람가,일반영화
베터 댄 섹스,조나단 텝리츠키,㈜영화사 백두대간,2003-05-23,장편,기타,0,0,70498,0,"46,286",멜로/로맨스,청소년관람불가,독립/예술영화
극장판 도라에몽: 신 진구의 버스 오브 재팬,야쿠와 신노스케,(주)넥스트엔터테인먼트월드(NEW),2016-12-21,장편,일본,282,525099600,70350,"120,165,100","15,058",애니메이션,전체관람가,일반영화
보글보글 스폰지밥(애니),스티븐 힐렌버그,UIP코리아,2005-09-30,장편,미국,0,0,70300,0,"23,799",애니메이션,전체관람가,일반영화
썸머 솔스티스,다니엘 미릭,㈜케이디미디어,2008-08-28,장편,미국,131,460975000,70109,"150,160,500","21,523",공포(호러),15세관람가,일반영화
미트 페어런츠 3,폴 웨이츠,(주)씨제이이엔엠,2011-03-31,장편,미국,196,517805000,70053,"276,148,500","36,354",코미디,15세관람가,일반영화
극장판 메탈 베이블레이드 VS 태양 작열의 침략자 솔블레이즈,스기시마 쿠니히사,(주)미디어데이,2011-01-05,장편,일본,120,474010500,70051,"130,066,500","18,399",애니메이션,전체관람가,일반영화
호텔 레이크,윤은경,(주)스마일이엔티,2020-04-29,장편,한국,465,592223200,70019,"116,030,900","13,345",공포(호러),15세관람가,독립/예술영화
바다 탐험대 옥토넛 시즌4: 늪지탐험선K,다라 오코넬,와이드 릴리즈(주),2016-09-28,장편,영국,164,420417500,69912,"101,710,500","16,885",애니메이션,전체관람가,독립/예술영화
마일22,피터 버그,(주)팝엔터테인먼트,2018-08-23,장편,미국,203,600495500,69834,"188,969,000","21,466",액션,15세관람가,일반영화
인보카머스,스콧 데릭슨,소니픽쳐스릴리징월트디즈니스튜디오스코리아(주),2014-08-21,장편,미국,196,571543200,69786,"187,786,600","22,115",공포(호러),청소년관람불가,일반영화
세상에서 고양이가 사라진다면,나가이 아키라,(주)크리픽쳐스,2016-11-09,장편,일본,175,497645200,69586,"183,328,500","24,986",드라마,12세관람가,독립/예술영화
데스워터,야마모토 키요시,(주)미로비젼,2007-05-31,장편,일본,0,0,69530,0,"18,304",공포(호러),15세관람가,일반영화
어카운턴트,게빈 오코너,워너브러더스 코리아(주),2016-10-13,장편,미국,375,548544928,69529,"200,958,628","24,813",액션,15세관람가,일반영화
브라더스,짐 쉐리단,(주)성원아이컴,2010-05-05,장편,미국,140,513691735,69470,"238,348,900","31,743",드라마,15세관람가,독립/예술영화
인생 후르츠,켄시 후시하라,(주)엣나인필름,2018-12-06,장편,일본,33,537257530,69442,"372,638,330","45,621",다큐멘터리,전체관람가,독립/예술영화
열두명의 웬수들,숀 레비,이십세기폭스필름코퍼레이션,2004-02-13,장편,미국,0,0,69350,0,"31,430",코미디,전체관람가,일반영화
번개맨,조근현,(주)키다리이엔티,2016-02-11,장편,한국,393,516736500,69303,"112,271,800","13,839",판타지,전체관람가,일반영화
어거스트: 가족의 초상,존 웰스,주식회사 우리네트웍스,2014-04-03,장편,미국,249,520639800,69095,"271,279,700","34,839",드라마,15세관람가,독립/예술영화
하이힐을 신고 달리는 여자,더글라스 맥그래스,필라멘트픽쳐스,2012-02-02,장편,미국,169,531249500,69047,"308,956,500","38,773",코미디,15세관람가,일반영화
주노,제이슨 라이트맨,(주)미로비젼,2008-02-21,장편,미국,168,436273333,69011,"190,033,333","28,461",드라마,12세관람가,독립/예술영화
돌려차기,남상국,(주)시네마서비스,2004-07-23,장편,한국,0,0,69000,0,"20,539",코미디,12세관람가,일반영화
이퀄스,드레이크 도리머스,(주)키다리이엔티,2016-08-31,장편,미국,357,519932300,68897,"187,674,000","23,942",드라마,15세관람가,일반영화
얼음왕국 : 북극의 여름이야기(다큐),"티에리 피안타니다,티에리 라고베르트",(주)프라임엔터테인먼트,2006-07-13,장편,프랑스,0,0,68828,0,"22,084",다큐멘터리,전체관람가,일반영화
스티브 잡스,대니 보일,유니버설픽쳐스인터내셔널 코리아(유),2016-01-21,장편,미국,384,535351276,68815,"263,409,778","32,834",드라마,12세관람가,일반영화
달라스 바이어스 클럽,장 마크 발레,(주)나이너스엔터테인먼트,2014-03-06,장편,미국,138,517283443,68794,"329,423,543","42,661",드라마,청소년관람불가,독립/예술영화
우리 선희,홍상수,(주)영화제작전원사,2013-09-12,장편,한국,39,530265400,68770,"348,218,900","43,257",드라마,청소년관람불가,독립/예술영화
스노우 보더,올리아스 바르코,쇼이스트(주),2003-12-24,장편,프랑스,0,0,68726,0,"31,257",액션,15세관람가,일반영화
피노키오: 당나귀 섬의 비밀,엔조 달로,(주)인벤트스톤,2013-04-25,장편,기타,283,430554000,68711,"114,457,000","17,366",애니메이션,전체관람가,독립/예술영화
동키호테,호셉 포조,(주)팝엔터테인먼트,2008-09-25,장편,기타,72,400440500,68569,"117,897,000","20,097",애니메이션,전체관람가,일반영화
4교시 추리영역,이상용,롯데쇼핑㈜롯데엔터테인먼트,2009-08-12,장편,한국,170,464636012,68367,"111,327,000","15,256",공포(호러),15세관람가,일반영화
닥터,"김성홍,김유정,배현지",(주)마인스 엔터테인먼트,2013-06-20,장편,한국,163,495574500,68312,"128,870,000","16,975",스릴러,청소년관람불가,일반영화
달콤한 백수와 사랑만들기,톰 듀이,UIP코리아,2006-04-07,장편,미국,0,0,68143,0,"35,751",멜로/로맨스,15세관람가,일반영화
리미트,이승준,TCO(주)더콘텐츠온,2022-08-31,장편,한국,687,636265902,67971,"163,332,653","16,813",범죄,15세관람가,일반영화
토니 스토리: 깡통제국의 비밀,토마스 보덴스타인,(주)영화사 빅,2013-07-18,장편,독일,257,422490500,67663,"115,022,000","16,949",애니메이션,전체관람가,독립/예술영화
당신이 잠든 사이에,김정민,(주)엠플러스픽쳐스,2008-08-14,장편,한국,164,448114500,67626,"123,233,000","17,494",코미디,15세관람가,일반영화
올 더 머니,리들리 스콧,판씨네마(주),2018-02-01,장편,미국,260,547011500,67602,"282,210,900","34,598",범죄,15세관람가,독립/예술영화
패시파이어,아담 쉥크만,브에나비스타인터내셔널코리아,2005-06-03,장편,미국,0,0,67499,0,"30,135",액션,전체관람가,일반영화
그녀에게,페드로 알모도바르,판씨네마(주),2003-04-18,장편,기타,0,0,67394,0,"50,972",멜로/로맨스,청소년관람불가,독립/예술영화
여곡성,유영선,(주)스마일이엔티,2018-11-08,장편,한국,212,594373400,67368,"118,804,700","13,499",공포(호러),15세관람가,일반영화
극장판 반지의 비밀일기,한승우,(주)영화사 빅,2019-09-11,장편,한국,459,539843170,67319,"115,818,000","13,522",애니메이션,전체관람가,일반영화
트로픽 썬더,벤 스틸러,(주)씨제이이엔엠,2008-12-10,장편,미국,104,465953500,67267,"226,130,500","31,444",액션,청소년관람불가,일반영화
내 남자의 아내도 좋아,우디 알렌,(주)씨지브이신도림,2009-04-15,장편,기타,132,454199063,67202,"261,280,500","37,216",드라마,15세관람가,독립/예술영화
주문진,하명중,롯데쇼핑㈜롯데엔터테인먼트,2010-01-21,장편,한국,93,378219576,67167,"144,095,300","25,604",드라마,12세관람가,일반영화
아이엠스타 뮤직어워드,와타다 신야,(주)씨제이이엔엠,2016-09-14,장편,일본,358,455696500,67027,"93,175,000","13,395",애니메이션,전체관람가,일반영화
Mr.아이돌,라희찬,롯데쇼핑㈜롯데엔터테인먼트,2011-11-03,장편,한국,311,467982500,67001,"174,484,500","23,677",드라마,12세관람가,일반영화
클레멘타인,김두영,(주)엔터모드,2004-05-21,장편,한국,0,0,67000,0,"35,013",액션,15세관람가,일반영화
올레,채두병,(주)대명문화공장,2016-08-25,장편,한국,338,522938900,66883,"139,416,000","17,318",드라마,15세관람가,일반영화
척 앤 래리,데니스 듀간,유니버설픽쳐스인터내셔널 코리아(유),2007-09-06,장편,미국,0,0,66753,0,"30,615",코미디,15세관람가,일반영화
그을린 사랑,드니 빌뇌브,(주)티캐스트,2011-07-21,장편,기타,15,524811800,66740,"394,979,300","48,849",드라마,청소년관람불가,독립/예술영화
더 바디,오리올 파울로,(주)싸이더스,2014-05-22,장편,기타,161,501242100,66733,"94,747,400","11,960",스릴러,15세관람가,독립/예술영화
라스트 스탠드,김지운,(주)씨제이이엔엠,2013-02-21,장편,미국,300,492135000,66698,"182,360,500","24,008",액션,청소년관람불가,일반영화
우리도 사랑일까,사라 폴리,(주)티캐스트,2012-09-27,장편,기타,21,530615800,66650,"452,172,300","55,517",멜로/로맨스,청소년관람불가,독립/예술영화
리틀메딕: 몸속탐험대,피터 클라릿지,(주)팝엔터테인먼트,2016-11-24,장편,독일,291,515053700,66562,"96,544,900","11,585",애니메이션,전체관람가,독립/예술영화
인 더 컷,제인 캠피온,(주)씨제이이엔엠,2004-04-30,장편,미국,0,0,66524,0,"30,945",스릴러,청소년관람불가,일반영화
이온 플럭스,캐린 쿠사마,UIP코리아,2006-06-22,장편,미국,0,0,66456,0,"27,206",액션,12세관람가,일반영화
에반게리온: 파,"마샤유키,츠루마키 카즈야",예지림엔터테인먼트,2009-12-03,장편,일본,34,506108113,66376,"346,416,000","45,068",애니메이션,12세관람가,일반영화
용과 주근깨 공주,호소다 마모루,와이드 릴리즈(주),2021-09-29,장편,일본,216,643986900,66360,"219,521,100","22,654",애니메이션,전체관람가,일반영화
선생님의 일기,니티왓 다라톤,(주)드림팩트엔터테인먼트,2016-11-02,장편,기타,163,461082900,66319,"140,241,400","19,838",멜로/로맨스,12세관람가,독립/예술영화
골든 슬럼버,나카무라 요시히로,(주)씨제이이엔엠,2010-08-26,장편,일본,139,483993392,66224,"215,645,000","28,330",스릴러,12세관람가,일반영화
천녀유혼,엽위신,씨너스엔터테인먼트(주),2011-05-12,장편,중국,240,497089500,66219,"161,673,000","20,447",SF,12세관람가,일반영화
레지던트,안티 조키넨,(주)쇼박스,2011-06-02,장편,영국,200,518700000,66216,"198,563,500","23,922",스릴러,청소년관람불가,일반영화
다크 플레이스,질스 파겟-브레너,(주)스톰픽쳐스코리아,2015-07-15,장편,미국,268,530282654,66075,"236,400,854","28,454",드라마,청소년관람불가,일반영화
패트리어트 데이,피터 버그,(주)이수C&E,2017-04-06,장편,미국,375,521471618,66074,"173,633,018","21,365",드라마,15세관람가,일반영화
킨제이 보고서,빌 콘돈,미디어라인코리아,2005-05-13,장편,미국,0,0,65990,0,"18,538",드라마,청소년관람불가,일반영화
카페 벨에포크,니콜라스 베도스,(주)이수C&E,2020-05-20,장편,프랑스,463,549455880,65975,"268,690,840","32,387",코미디,15세관람가,독립/예술영화
더 플랫폼,기타,(주)홈초이스,2020-05-13,장편,기타,228,603715000,65938,"212,466,200","23,133",SF,청소년관람불가,독립/예술영화
극장판 파워레인저: 애니멀포스 VS 닌자포스 미래에서 온 메시지,타케모토 노보루,(주)넥스트엔터테인먼트월드(NEW),2017-11-09,장편,일본,370,501257700,65895,"113,064,100","13,908",액션,전체관람가,일반영화
레터스 투 갓,데이빗 닉슨,(주)모멘텀엔터테인먼트,2016-02-25,장편,미국,119,430338300,65887,"75,632,500","10,510",가족,전체관람가,독립/예술영화
스쿠비-두2 : 몬스터 대소동,라자 고스넬,워너브러더스 코리아(주),2004-04-30,장편,미국,0,0,65610,0,"21,000",코미디,전체관람가,일반영화
여대생 기숙사,스튜어트 헨들러,(주)씨제이이엔엠,2010-06-23,장편,미국,143,499069256,65570,"173,032,000","21,397",공포(호러),청소년관람불가,일반영화
블리츠,엘리어트 레스터,팝엔터테인먼트,2011-12-07,장편,영국,123,497782500,65493,"156,641,500","19,566",스릴러,청소년관람불가,일반영화
더 크리스마스,티모시 렉카트,소니픽쳐스엔터테인먼트코리아주식회사극장배급지점,2017-12-21,장편,미국,158,486356000,65460,"112,309,200","14,438",애니메이션,전체관람가,일반영화
돌이킬 수 없는,가스파 노에,프라임픽쳐스,2003-04-04,장편,프랑스,0,0,65419,0,"38,618",스릴러,청소년관람불가,독립/예술영화
돌이킬 수 없는,박수영,㈜케이디미디어,2010-11-04,장편,한국,205,472974485,65414,"116,550,500","15,060",미스터리,15세관람가,일반영화
"사랑한다, 사랑하지 않는다",이윤기,(주)넥스트엔터테인먼트월드(NEW),2011-03-03,장편,한국,80,498314500,65282,"217,285,500","27,680",멜로/로맨스,15세관람가,일반영화
패터슨,짐 자무쉬,그린나래미디어(주),2017-12-21,장편,프랑스,62,537321900,65147,"403,594,600","47,143",드라마,12세관람가,독립/예술영화
데몰리션,장 마크 발레,(주)리틀빅픽쳐스,2016-07-13,장편,미국,198,533506821,65145,"307,424,321","36,499",드라마,청소년관람불가,독립/예술영화
28일 후,대니 보일,이십세기폭스필름코퍼레이션,2003-09-18,장편,미국,0,0,65000,0,"29,940",공포(호러),청소년관람불가,독립/예술영화
정글번치 : 빙산으로의 귀환,"다비드 알로,에릭 토스티",(주)팝엔터테인먼트,2013-10-02,장편,프랑스,224,401342000,64744,"69,918,500","10,320",애니메이션,전체관람가,일반영화
별,장형익,영화사청어람(주),2003-05-01,장편,한국,0,0,64667,0,"21,979",드라마,12세관람가,일반영화
베리드,로드리고 코르테스,(주)화앤담이엔티,2010-12-08,장편,기타,117,470090587,64449,"208,936,500","27,857",드라마,15세관람가,독립/예술영화
레오나르도 다 빈치,세르지오 맨피오,(주)스마일이엔티,2018-04-26,장편,기타,150,509942200,64405,"129,135,000","15,703",애니메이션,전체관람가,독립/예술영화
버스데이 걸,제즈 버터워스,(주)씨제이이엔엠,2003-10-10,장편,영국,0,0,64334,0,"29,475",코미디,청소년관람불가,일반영화
사랑보다 황금,앤디 테넌트,워너브러더스 코리아(주),2008-02-28,장편,미국,129,403351000,64310,"189,733,500","30,728",멜로/로맨스,12세관람가,일반영화
보루토 - 나루토 더 무비,야마시타 히로유키,와이드 릴리즈(주),2015-12-10,장편,일본,219,477101900,64159,"134,933,800","17,676",애니메이션,12세관람가,일반영화
극장판 도라에몽: 진구의 신공룡,이마이 카즈아키,(주)리틀빅픽쳐스,2021-08-05,장편,일본,502,550382680,64156,"93,042,310","10,404",애니메이션,전체관람가,일반영화
노인을 위한 나라는 없다,"조엘 코엔,에단 코엔",주식회사 해리슨앤컴퍼니,2008-02-21,장편,미국,16,435417500,64078,"290,986,000","41,856",스릴러,청소년관람불가,독립/예술영화
엘라의 모험 2: 백설공주 길들이기,"보이드 커클랜드,스티븐 E. 고든",㈜케이디미디어,2010-02-25,장편,미국,84,439232122,63857,"121,484,500","16,873",가족,전체관람가,일반영화
극장판 파워레인저: 닌자포스 VS 트레인포스 닌자 인 원더랜드,나카자와 쇼지로,(주)넥스트엔터테인먼트월드(NEW),2016-11-03,장편,일본,406,497447800,63820,"98,695,300","11,896",액션,전체관람가,일반영화
몬스터 하우스,피터 레페니오티스,(주)박수엔터테인먼트,2019-10-03,장편,기타,202,506405000,63784,"85,113,200","10,181",애니메이션,전체관람가,일반영화
귀멸의 칼날: 남매의 연,소토자키 하루오,(주)박수엔터테인먼트,2021-11-10,장편,일본,383,626419340,63656,"133,961,420","13,261",애니메이션,15세관람가,일반영화
프레디 대 제이슨-13일의 금요일11,우인태,(주)영화사한결,2004-08-27,장편,미국,0,0,63638,0,"17,676",공포(호러),청소년관람불가,일반영화
아메리칸,안톤 코르빈,(주)화천공사,2010-12-29,장편,미국,117,492424010,63329,"213,903,000","26,433",범죄,청소년관람불가,독립/예술영화
뷰티풀 투모로우,장재혁,씨제이 씨지브이(CJ CGV)(주),2017-10-26,장편,한국,47,552273700,63279,"321,810,000","36,802",드라마,12세관람가,일반영화
로우리스: 나쁜 영웅들,존 힐코트,씨너스엔터테인먼트(주),2012-10-18,장편,미국,275,452103666,63108,"203,502,662","27,793",액션,청소년관람불가,일반영화
히트맨: 에이전트 47,알렉산더 바흐,이십세기폭스코리아(주),2015-09-03,장편,미국,272,492878500,63073,"134,566,400","16,556",액션,15세관람가,일반영화
대무가,이한종,판씨네마(주),2022-10-12,장편,한국,587,567401256,62999,"195,742,639","23,650",드라마,15세관람가,독립/예술영화
경주,장률,(주)인벤트스톤,2014-06-12,장편,한국,318,468260500,62754,"216,920,500","27,486",드라마,15세관람가,독립/예술영화
본즈 앤 올,루카 구아다니노,워너브러더스 코리아(주),2022-11-30,장편,미국,356,659268147,62705,"398,964,708","37,307",공포(호러),청소년관람불가,일반영화
명탐정 코난: 진홍의 수학여행,야마모토 야스이치로,(주)씨제이이엔엠,2021-01-27,장편,일본,532,534479660,62572,"103,187,710","11,739",애니메이션,12세관람가,일반영화
리틀 프린세스 소피아 : 신비한 섬,제이미 미첼,월트디즈니컴퍼니코리아 유한책임회사,2017-09-28,장편,미국,135,441475500,62454,"109,518,000","14,532",애니메이션,전체관람가,일반영화
오다기리 죠의 도쿄타워,마츠오카 조지,(주)엔케이컨텐츠,2007-10-25,장편,일본,0,0,62405,0,"30,461",드라마,12세관람가,일반영화
극장판 쿠로코의 농구 라스트 게임,타다 슌스케,(주)박수엔터테인먼트,2017-04-27,장편,일본,96,462290000,62393,"212,659,500","27,805",애니메이션,12세관람가,일반영화
언피니시드,존 매든,유니버설픽쳐스인터내셔널 코리아(유),2011-10-06,장편,미국,159,455595500,62383,"150,837,000","19,945",드라마,15세관람가,일반영화
극장판 5등분의 신부,진보 마사토,(주)애니플러스,2022-09-22,장편,일본,91,671267500,62223,"183,230,700","16,938",애니메이션,12세관람가,일반영화
기생수 파트2,야마자키 타카시,판씨네마(주),2015-05-07,장편,일본,260,502071959,62071,"162,446,959","19,447",SF,청소년관람불가,일반영화
엔시티 드림 더 무비 : 인 어 드림,"이예지,오윤동",씨제이포디플렉스 주식회사,2022-11-30,장편,한국,103,1240019100,62019,"577,903,000","28,899",다큐멘터리,전체관람가,일반영화
위아영,노아 바움백,(주)브리즈픽처스,2015-05-14,장편,미국,235,495343360,62016,"294,373,260","36,060",코미디,15세관람가,독립/예술영화
스쿠프,우디 알렌,(주)퍼스트런,2007-02-01,장편,미국,0,0,61993,0,"34,122",코미디,12세관람가,독립/예술영화
1919 유관순,신상민,주식회사 마운틴픽쳐스,2019-03-14,장편,한국,269,506367410,61938,"152,567,860","18,095",다큐멘터리,12세관람가,독립/예술영화
에브리바디 올라잇,리사 촐로덴코,(주)화천공사,2010-09-02,장편,미국,126,466314324,61927,"227,370,000","29,077",코미디,청소년관람불가,일반영화
"다만, 널 사랑하고 있어",신조 타케히코,㈜메가박스,2007-08-15,장편,일본,0,0,61901,0,"39,090",멜로/로맨스,12세관람가,일반영화
뉴 뮤턴트,조쉬 분,월트디즈니컴퍼니코리아 유한책임회사,2020-09-10,장편,미국,817,546115880,61897,"164,593,910","18,270",액션,15세관람가,일반영화
황당한 외계인: 폴,그렉 모톨라,유니버설픽쳐스인터내셔널 코리아(유),2011-04-07,장편,미국,148,461937500,61808,"178,315,000","22,526",코미디,15세관람가,일반영화
닥터 슬립,마이크 플래너건,워너브러더스 코리아(주),2019-11-07,장편,미국,484,537986260,61784,"221,704,820","24,802",스릴러,15세관람가,일반영화
디센트: Part 2,존 해리스,롯데쇼핑㈜롯데엔터테인먼트,2010-08-11,장편,영국,135,468775973,61784,"151,558,500","19,397",공포(호러),청소년관람불가,일반영화
큐브 제로,어니 바바라쉬,(주)튜브엔터테인먼트,2005-01-21,장편,기타,0,0,61652,0,"17,680",스릴러,청소년관람불가,일반영화
퍼피 구조대 더 무비,캘런 브런커,롯데컬처웍스(주)롯데엔터테인먼트,2021-08-18,장편,미국,355,538180880,61633,"123,178,620","13,733",애니메이션,전체관람가,일반영화
톨스토이의 마지막 인생,마이클 호프만,롯데쇼핑㈜롯데엔터테인먼트,2010-12-15,장편,영국,107,448097918,61480,"259,400,500","34,963",드라마,15세관람가,독립/예술영화
에반게리온: Q,안노 히데아키,㈜T-JOY,2013-04-25,장편,일본,59,435800211,61423,"269,442,215","36,922",애니메이션,15세관람가,일반영화
헤드,조운,(주)에스비에스콘텐츠허브,2011-05-26,장편,한국,196,462025000,61414,"119,747,500","14,988",액션,청소년관람불가,일반영화
빅샤크4: 바다공룡 대모험,기타,와이드 릴리즈(주),2022-07-06,장편,중국,455,540193280,61333,"74,209,080","8,515",어드벤처,전체관람가,일반영화
아더와 미니모이 3: 두 세계의 전쟁,뤽 베송,(주)라이크콘텐츠,2015-11-05,장편,프랑스,267,431890800,61046,"59,116,300","7,826",애니메이션,전체관람가,일반영화
주온: 더 파이널,오치아이 마사유키,유니버설픽쳐스인터내셔널 코리아(유),2015-10-01,장편,일본,318,461765400,60981,"101,256,000","13,046",공포(호러),15세관람가,일반영화
바다 탐험대 옥토넛 시즌4: 빙하탐험선S,다라 오코넬,와이드 릴리즈(주),2016-02-25,장편,영국,155,361596000,60977,"91,880,000","15,434",애니메이션,전체관람가,독립/예술영화
결정적 한방,박중구,(주)화앤담이엔티,2011-12-07,장편,한국,160,439400000,60944,"148,555,000","19,367",코미디,15세관람가,일반영화
코로나도,클라우디오 파,인터비스앤파트너스(주),2003-12-12,장편,미국,0,0,60941,0,"16,943",어드벤처,12세관람가,일반영화
바다 탐험대 옥토넛 시즌4: 바다 괴물 대소동,다라 오코넬,와이드 릴리즈(주),2017-01-25,장편,영국,145,404919500,60935,"109,442,000","16,138",애니메이션,전체관람가,독립/예술영화
내 여자친구의 결혼식,폴 페이그,유니버설픽쳐스인터내셔널 코리아(유),2011-08-25,장편,미국,166,463049500,60788,"223,147,000","28,243",코미디,청소년관람불가,일반영화
극장판 바이올렛 에버가든,이시다테 타이치,(주)라이크콘텐츠,2020-11-12,장편,일본,131,521563250,60762,"183,461,590","20,003",애니메이션,전체관람가,독립/예술영화
라스트 듀얼: 최후의 결투,리들리 스콧,월트디즈니컴퍼니코리아 유한책임회사,2021-10-20,장편,미국,367,583090210,60715,"247,820,120","25,291",액션,청소년관람불가,일반영화
죽어도 좋아,박진표,영화사청어람(주),2002-12-05,장편,한국,0,0,60666,0,0,드라마,청소년관람불가,독립/예술영화
허비,안젤라 로빈슨,브에나비스타인터내셔널코리아,2005-08-19,장편,미국,0,0,60643,0,"14,924",코미디,전체관람가,일반영화
"사랑해, 파리","조엘 코엔,에단 코엔,이자벨 코이젯트,월터 살레스,톰 티크베어",(주)드림팩트엔터테인먼트,2007-02-01,장편,프랑스,0,0,60553,0,"36,020",멜로/로맨스,15세관람가,독립/예술영화
휴고,마틴 스코세이지,(주)씨제이이엔엠,2012-02-29,장편,미국,85,637621000,60520,"246,821,000","22,170",가족,전체관람가,일반영화
산타의 매직 크리스탈,앙티 하이칼라,(주)팝엔터테인먼트,2013-11-28,장편,기타,192,366202000,60485,"62,810,500","10,037",애니메이션,전체관람가,독립/예술영화
오픈 워터,크리스 켄티스,(주)씨제이이엔엠,2005-08-26,장편,미국,0,0,60457,0,"20,071",드라마,15세관람가,일반영화
바운티 헌터,앤디 테넌트,한국소니픽쳐스릴리징브에나비스타영화㈜,2010-04-15,장편,미국,123,459904690,60376,"212,586,500","26,692",멜로/로맨스,15세관람가,일반영화
극장판 유희왕 : 시공을 초월한 우정,타케시타 켄이치,대원미디어(주),2011-02-24,장편,일본,103,590209500,60371,"144,581,000","14,552",애니메이션,전체관람가,일반영화
두 남자,이성태,(주)키다리이엔티,2016-11-30,장편,한국,397,459566121,60365,"164,888,821","21,095",범죄,청소년관람불가,일반영화
사탄의 인형,라스 클리브버그,(주)이수C&E,2019-06-20,장편,미국,465,558760590,60340,"159,974,800","16,862",공포(호러),청소년관람불가,일반영화
님포매니악 볼륨1,라스 폰 트리에,CGV아트하우스,2014-06-18,장편,기타,237,479242383,60265,"263,704,083","32,183",드라마,청소년관람불가,독립/예술영화
더 킬러: 죽어도 되는 아이,최재훈,(주)아이에이치큐,2022-07-13,장편,한국,314,601780660,60175,"148,344,520","15,356",액션,청소년관람불가,일반영화
극장판 아따맘마3D : 엄마는 초능력자,타카하시 와타루,씨너스엔터테인먼트(주),2011-09-08,장편,일본,123,401669000,60154,"74,799,500","10,782",애니메이션,전체관람가,일반영화
행오버 2,토드 필립스,워너브러더스 코리아(주),2011-08-25,장편,미국,157,473137500,60048,"251,162,000","30,748",코미디,청소년관람불가,일반영화
티켓 투 파라다이스,올 파커,유니버설픽쳐스인터내셔널 코리아(유),2022-10-12,장편,미국,581,572962108,60001,"255,611,601","27,567",멜로/로맨스,12세관람가,일반영화
스켈리톤 키,이안 소프틀리,UIP코리아,2005-08-25,장편,미국,0,0,60000,0,"19,526",공포(호러),12세관람가,일반영화
완벽한 그녀에게 딱 한가지 없는 것,게리 위닉,한국소니픽쳐스릴리징브에나비스타영화㈜,2004-11-05,장편,미국,0,0,59929,0,"27,934",코미디,15세관람가,일반영화
번개맨과 신비의 섬,김지열,힘컨텐츠(주),2018-04-05,장편,한국,191,481474700,59923,"93,936,000","11,486",가족,전체관람가,일반영화
더 퍼지 : 거리의 반란,제임스 드모나코,유니버설픽쳐스인터내셔널 코리아(유),2014-08-27,장편,미국,204,455583000,59881,"140,040,400","18,412",공포(호러),청소년관람불가,일반영화
엽문2,엽위신,(주)제이앤씨미디어그룹,2010-06-16,장편,기타,141,451282315,59881,"118,367,000","15,000",액션,15세관람가,일반영화
더 레슬러,대런 아로노프스키,(주)넥스트엔터테인먼트월드(NEW),2009-03-05,장편,미국,145,407039802,59662,"203,208,000","28,898",드라마,청소년관람불가,일반영화
내 생애 최고의 데이트,로버트 루케틱,(주)씨제이이엔엠,2004-03-19,장편,미국,0,0,59652,0,"35,571",멜로/로맨스,12세관람가,일반영화
흑심모녀,조남호,(주)쇼박스,2008-06-12,장편,한국,177,386362000,59624,"124,965,000","18,372",가족,12세관람가,일반영화
극장판 가면라이더 VS 파워레인저 슈퍼히어로 대전,가네다 오사무,롯데쇼핑㈜롯데엔터테인먼트,2014-01-23,장편,일본,183,405278000,59611,"94,281,000","13,060",액션,전체관람가,일반영화
안녕 베일리,게일 맨쿠소,CGV아트하우스,2019-09-05,장편,미국,184,486987900,59397,"178,685,300","21,522",가족,전체관람가,일반영화
극장판 숲의 요정 페어리루 ~크리스마스의 기적: 마법의 날개~,고로 사쿠라,(주)이수C&E,2017-12-14,장편,일본,207,457902700,59375,"101,580,900","12,926",애니메이션,전체관람가,일반영화
고 녀석 맛나겠다,후지모리 마사야,(주)화앤담이엔티,2011-07-07,장편,일본,124,407827500,59374,"134,192,500","18,292",애니메이션,전체관람가,일반영화
시맨틱 에러: 더 무비,김수정,주식회사 왓챠,2022-08-31,장편,한국,57,656057000,59314,"403,417,800","34,719",멜로/로맨스,12세관람가,일반영화
태일이,홍준표,(주)리틀빅픽쳐스,2021-12-01,장편,한국,458,491149590,59215,"176,894,890","22,685",애니메이션,전체관람가,독립/예술영화
언더 더 쎄임 문,패트리시아 리건,유니코리아문예투자(주),2008-10-16,장편,기타,67,360506500,58960,"112,403,000","18,024",드라마,전체관람가,독립/예술영화
40살까지 못해본 사람,주드 아패토우,UIP코리아,2005-11-04,장편,미국,0,0,58800,0,"20,000",코미디,청소년관람불가,일반영화
트럼보,제이 로치,그린나래미디어(주),2016-04-07,장편,미국,310,462652100,58784,"235,668,600","29,659",드라마,15세관람가,독립/예술영화
파더 앤 도터,가브리엘 무치노,(주)박수엔터테인먼트,2015-12-10,장편,미국,352,447097100,58704,"167,035,100","20,871",드라마,15세관람가,일반영화
소공녀,전고운,CGV아트하우스,2018-03-22,장편,한국,284,469303200,58653,"236,153,600","28,592",멜로/로맨스,15세관람가,독립/예술영화
애프터,제니 게이지,판씨네마(주),2019-08-22,장편,미국,235,493655240,58645,"173,932,710","19,922",드라마,15세관람가,독립/예술영화
더티 댄싱 - 하바나 나이트,가이 퍼랜드,아우라엔터테인먼트,2004-04-23,장편,미국,0,0,58385,0,"14,026",멜로/로맨스,15세관람가,일반영화
바다 탐험대 옥토넛 시즌4: 아슬아슬 구조대작전,다라 오코넬,와이드 릴리즈(주),2016-06-02,장편,영국,162,349288000,58345,"73,786,500","12,215",애니메이션,전체관람가,독립/예술영화
매치스틱 맨,리들리 스콧,워너브러더스 코리아(주),2003-10-17,장편,미국,0,0,58300,0,"29,100",코미디,15세관람가,일반영화
킬링 디어,요르고스 란티모스,오드,2018-07-12,장편,미국,68,501031000,58185,"311,865,300","35,513",스릴러,청소년관람불가,독립/예술영화
순종,"김동민,이주훈",(재)CBS,2016-11-17,장편,한국,104,414028200,58027,"118,389,600","14,827",다큐멘터리,전체관람가,독립/예술영화
극장판 미니특공대: 햄버거괴물의 습격,이영준,(주)리틀빅픽쳐스,2020-09-30,장편,한국,414,466063620,57883,"77,247,430","9,126",애니메이션,전체관람가,일반영화
더 랍스터,요르고스 란티모스,(주)팝엔터테인먼트,2015-10-29,장편,영국,75,476877300,57721,"351,915,400","41,413",판타지,청소년관람불가,독립/예술영화
엘리엇과 산타 썰매단,제니퍼 웨스트콧,(주)팝엔터테인먼트,2018-12-12,장편,기타,335,399517800,57674,"61,799,700","8,312",애니메이션,전체관람가,독립/예술영화
웃는 남자,장 피에르 아메리스,씨너스엔터테인먼트(주),2013-03-28,장편,프랑스,170,403906500,57652,"175,216,000","23,785",미스터리,15세관람가,독립/예술영화
시간을 달리는 소녀,호소다 마모루,(주)얼리버드픽쳐스,2007-06-14,장편,일본,0,0,57585,0,"38,023",애니메이션,전체관람가,독립/예술영화
사과,강이관,영화사청어람(주),2008-10-16,장편,한국,111,379387469,57525,"194,098,000","28,179",드라마,15세관람가,독립/예술영화
수면의 과학,미셸 공드리,(주)영화사 안다미로,2006-12-21,장편,프랑스,0,0,57447,0,"52,444",코미디,15세관람가,독립/예술영화
나의 붉은고래,"양선,장춘",(주)영화사 빅,2017-06-15,장편,중국,390,438539500,57388,"138,499,700","17,318",애니메이션,전체관람가,독립/예술영화
킬러들의 도시,마틴 맥도나,(주)시너지하우스 (시너지),2009-03-05,장편,영국,85,394632089,57387,"152,579,500","21,313",범죄,청소년관람불가,일반영화
어드리프트:우리가 함께한 바다,발타자르 코루마쿠르,(주)이수C&E,2018-09-06,장편,미국,490,467136418,57331,"172,941,318","20,647",멜로/로맨스,12세관람가,독립/예술영화
듀 데이트,토드 필립스,워너브러더스 코리아(주),2010-11-24,장편,미국,148,440189148,57308,"184,248,500","22,993",코미디,청소년관람불가,독립/예술영화
미스 페티그루의 어느 특별한 하루,바랫 낼러리,(주)넥스트엔터테인먼트월드(NEW),2008-10-02,장편,영국,84,357938000,57271,"212,932,000","33,182",멜로/로맨스,12세관람가,일반영화
마미,자비에 돌란,(주)엣나인필름,2014-12-18,장편,기타,84,454117600,57247,"323,499,100","39,272",드라마,15세관람가,독립/예술영화
하하하,홍상수,(주)스폰지이엔티,2010-05-05,장편,한국,25,435417823,57234,"331,959,700","43,190",드라마,청소년관람불가,독립/예술영화
달빛 길어올리기,임권택,(주)쇼박스,2011-03-17,장편,한국,128,362535000,57186,"98,990,000","13,399",드라마,15세관람가,일반영화
밤의 해변에서 혼자,홍상수,(주)영화제작전원사,2017-03-23,장편,한국,133,438976092,56995,"275,454,892","34,627",드라마,청소년관람불가,독립/예술영화
2월 29일 - 어느날 갑자기 첫번째 이야기,정종훈,(주)씨제이이엔엠,2006-07-21,장편,한국,0,0,56958,0,"28,210",공포(호러),15세관람가,일반영화
다이애나,올리버 히르비겔,(주)영화사 빅,2014-03-06,장편,영국,279,402756100,56872,"170,925,100","22,976",드라마,15세관람가,일반영화
극장판 프랭키와 친구들: 생명의 나무,박정오,예지림엔터테인먼트,2016-04-13,장편,한국,258,410518600,56835,"103,400,500","13,068",애니메이션,전체관람가,일반영화
더 룸,크리스티앙 볼크만,(주)퍼스트런,2019-09-25,장편,프랑스,163,461964100,56787,"175,815,300","21,429",미스터리,15세관람가,독립/예술영화
신암행어사,"안태근,조지 시무라",(주)시네마서비스,2004-11-26,장편,한국,0,0,56709,0,"20,345",애니메이션,15세관람가,일반영화
레볼루셔너리 로드,샘 멘데스,(주)씨제이이엔엠,2009-02-19,장편,미국,75,388157352,56552,"232,712,000","32,972",드라마,청소년관람불가,독립/예술영화
드래곤 블레이드,이인항,롯데쇼핑㈜롯데엔터테인먼트,2015-03-12,장편,중국,264,427722800,56547,"113,013,200","14,534",액션,15세관람가,독립/예술영화
극장판 프리파라 모두의 동경♪ 렛츠고☆프리파리,모리와키 마코토,(주)박수엔터테인먼트,2017-12-28,장편,일본,191,431771300,56539,"115,053,700","14,397",애니메이션,전체관람가,일반영화
대니 콜린스,댄 포겔맨,(주)나이너스엔터테인먼트,2015-09-30,장편,미국,309,426338305,56515,"198,998,405","25,288",드라마,15세관람가,독립/예술영화
돌아온 파워레인저 미라클포스,나가이시 다카오,롯데쇼핑㈜롯데엔터테인먼트,2012-02-29,장편,일본,235,385525000,56420,"92,577,500","12,965",액션,전체관람가,일반영화
헌터 킬러,도노반 마시,(주)키다리이엔티,2018-12-06,장편,미국,226,462748450,56350,"159,119,600","18,822",액션,15세관람가,일반영화
마이 스파이,피터 시걸,(주)이수C&E,2020-04-29,장편,미국,240,482594500,56282,"165,572,600","19,676",액션,12세관람가,일반영화
우리집,윤가은,롯데컬처웍스(주)롯데엔터테인먼트,2019-08-22,장편,한국,147,444391340,56087,"252,210,120","29,807",드라마,전체관람가,독립/예술영화
태풍태양,정재은,쇼이스트(주),2005-06-02,장편,한국,0,0,55970,0,"22,027",드라마,12세관람가,일반영화
나이트 크롤러,댄 길로이,(주)스톰픽쳐스코리아,2015-02-26,장편,미국,233,451041300,55892,"203,599,400","24,807",범죄,청소년관람불가,독립/예술영화
더 보이,윌리엄 브렌트 벨,(주)리틀빅픽쳐스,2016-06-01,장편,미국,186,441611821,55875,"84,467,821","10,054",공포(호러),15세관람가,독립/예술영화
매직빈,조이 주,(주)영화사 빅,2018-05-03,장편,중국,534,427992700,55804,"70,261,300","8,592",애니메이션,전체관람가,독립/예술영화
래빗 스쿨,우테 폰 뮌쇼폴,예지림엔터테인먼트,2017-11-23,장편,독일,314,401768900,55784,"82,198,100","10,411",애니메이션,전체관람가,독립/예술영화
스윙걸즈,야구치 시노부,데이지엔터테인먼트,2006-03-23,장편,일본,0,0,55672,0,"27,561",코미디,12세관람가,일반영화
고녀석 맛나겠다2 : 함께라서 행복해,"최경석,노나카 카즈미",(주)리틀빅픽쳐스,2015-07-29,장편,한국,142,384464000,55619,"115,174,700","16,105",애니메이션,전체관람가,독립/예술영화
더 라이트: 악마는 있다,미카엘 하프스트롬,워너브러더스 코리아(주),2011-04-20,장편,미국,104,422603000,55561,"167,645,500","21,089",미스터리,15세관람가,일반영화
워터 포 엘리펀트,프란시스 로렌스,이십세기폭스코리아(주),2011-05-04,장편,미국,182,418236500,55561,"215,500,000","27,531",드라마,15세관람가,일반영화
백설공주 : 사라진 아빠를 찾아서,벤 차오,예지림엔터테인먼트,2016-09-29,장편,중국,213,425994300,55355,"70,551,700","8,438",애니메이션,전체관람가,독립/예술영화
그물,김기덕,(주)넥스트엔터테인먼트월드(NEW),2016-10-06,장편,한국,381,416593300,55342,"112,920,600","14,136",드라마,15세관람가,독립/예술영화
드레스메이커,조셀린 무어하우스,(주)리틀빅픽쳐스,2016-02-11,장편,기타,176,440059500,55330,"144,520,800","17,846",드라마,15세관람가,독립/예술영화
자투라:스페이스 어드벤쳐,존 파브로,소니픽쳐스릴리징코리아,2006-02-23,장편,미국,0,0,55257,0,254,SF,전체관람가,일반영화
빅뱅 메이드,변진호,씨제이 씨지브이(CJ CGV)(주),2016-06-30,장편,한국,56,464727700,55227,"214,369,000","24,994",다큐멘터리,12세관람가,일반영화
내 눈에 콩깍지,이장수,(주)씨제이이엔엠,2009-11-05,장편,한국,128,405424788,55132,"128,419,000","16,765",멜로/로맨스,12세관람가,일반영화
위시 어폰,존 R. 레오네티,(주)이수C&E,2017-07-20,장편,미국,279,434148000,55110,"82,609,500","9,910",공포(호러),15세관람가,일반영화
대지진,펑샤오강,필라멘트픽쳐스,2010-11-04,장편,중국,90,379043639,55000,"119,095,000","16,777",드라마,전체관람가,일반영화
파라노말 액티비티: 더 고스트 디멘션,그레고리 플로킨,(주)박수엔터테인먼트,2016-04-21,장편,미국,353,454055200,54972,"129,982,200","15,254",미스터리,15세관람가,일반영화
내가 죽기를 바라는 자들,테일러 쉐리던,워너브러더스 코리아(주),2021-05-05,장편,미국,669,511072350,54951,"138,693,360","14,877",범죄,15세관람가,일반영화
최면,최재훈,(주)스마일이엔티,2021-03-24,장편,한국,506,501754120,54927,"93,594,620","10,091",공포(호러),15세관람가,독립/예술영화
하프 라이트,크레이그 로젠버그,(주)미로비젼,2006-06-28,장편,미국,0,0,54624,0,"18,934",스릴러,15세관람가,일반영화
데이비드 게일,알란 파커,UIP코리아,2003-03-21,장편,미국,0,0,54623,0,"33,839",드라마,15세관람가,일반영화
더 프린세스 : 도둑맞은 공주,올레말라므,(주)팝엔터테인먼트,2020-08-12,장편,기타,423,445726660,54609,"60,674,330","7,007",애니메이션,전체관람가,일반영화
밴디다스,"에스펜 샌버그,조아킴 로엔닝",(주)누리픽쳐스,2006-06-22,장편,프랑스,0,0,54555,0,"17,107",액션,12세관람가,일반영화
헤이와이어,스티븐 소더버그,씨너스엔터테인먼트(주),2012-07-05,장편,미국,200,384196324,54511,"133,250,624","18,254",액션,15세관람가,일반영화
파라노말 액티비티4,"아리엘 슐만,헨리 유스트",(주)씨제이이엔엠,2012-10-25,장편,미국,173,384064500,54461,"96,287,000","13,026",스릴러,15세관람가,일반영화
잡아야 산다,오인천,오퍼스픽쳐스(유),2016-01-07,장편,한국,219,410361400,54450,"91,032,800","11,245",코미디,15세관람가,일반영화
왓칭,김성기,(주)리틀빅픽쳐스,2019-04-17,장편,한국,488,456558262,54410,"100,830,552","11,564",공포(호러),15세관람가,일반영화
살인소설,스콧 데릭슨,씨너스엔터테인먼트(주),2012-11-15,장편,미국,186,394724176,54239,"164,418,159","21,572",미스터리,청소년관람불가,일반영화
라일 라일 크로커다일,"조쉬 고든,윌 스펙",소니픽쳐스엔터테인먼트코리아주식회사극장배급지점,2023-01-18,장편,미국,384,502081439,54192,"152,228,524","17,785",가족,전체관람가,일반영화
사일런스,존 R. 레오네티,(주)이수C&E,2019-07-17,장편,미국,456,463969062,54158,"108,881,682","12,405",공포(호러),15세관람가,일반영화
갓센드,닉 햄,(주)시네마서비스,2004-09-03,장편,미국,0,0,54100,0,"20,840",공포(호러),15세관람가,일반영화
5일의 마중,장예모,찬란,2014-10-08,장편,중국,86,405905100,54098,"233,534,000","30,525",멜로/로맨스,전체관람가,독립/예술영화
산상수훈,유영의,이언픽쳐스,2017-12-07,장편,한국,71,408105790,54004,"139,065,190","18,131",드라마,전체관람가,독립/예술영화
러브 미 이프 유 대어,얀 사뮤엘,(주)엔터모드,2004-03-05,장편,프랑스,0,0,54000,0,"30,454",멜로/로맨스,15세관람가,일반영화
화성으로 간 사나이,김정권,영화사청어람(주),2003-05-16,장편,한국,0,0,53838,0,"18,237",드라마,12세관람가,일반영화
맨체스터 바이 더 씨,케네스 로너건,THE 픽쳐스,2017-02-15,장편,미국,109,431623800,53779,"254,824,600","30,655",드라마,15세관람가,독립/예술영화
돌핀 : 꿈꾸는 다니엘의 용감한 모험,에두와르도 슐츠,팝엔터테인먼트,2013-03-21,장편,기타,197,354256000,53744,"69,371,500","9,461",애니메이션,전체관람가,일반영화
고고다이노 극장판: 얼음공룡의 비밀,이선명,(주)넥스트엔터테인먼트월드(NEW),2022-10-05,장편,한국,531,489650813,53685,"88,245,897","10,354",애니메이션,전체관람가,독립/예술영화
나의 첫 번째 슈퍼스타,니샤 가나트라,유니버설픽쳐스인터내셔널 코리아(유),2020-06-10,장편,미국,462,473919360,53684,"189,510,120","21,533",코미디,12세관람가,일반영화
개구리왕국,넬슨 신,예지림엔터테인먼트,2015-11-12,장편,중국,227,362895100,53576,"49,823,200","6,590",애니메이션,전체관람가,일반영화
베스트 엑조틱 메리골드 호텔,존 매든,이십세기폭스코리아(주),2012-07-12,장편,영국,149,379972500,53555,"185,428,000","25,167",코미디,15세관람가,독립/예술영화
러닝 스케어드,웨인 크라머,㈜스튜디오이쩜영,2006-06-08,장편,미국,0,0,53519,0,"17,763",액션,청소년관람불가,일반영화
길위에서,이창재,㈜영화사 백두대간,2013-05-23,장편,한국,23,361561500,53500,"182,604,500","25,751",다큐멘터리,전체관람가,독립/예술영화
언디스 퓨티드,월터 힐,(주)씨제이이엔엠,2003-03-07,장편,미국,0,0,53450,0,"16,622",액션,15세관람가,일반영화
인 디 에어,제이슨 라이트맨,(주)씨제이이엔엠,2010-03-11,장편,미국,53,412946426,53423,"291,688,000","36,969",드라마,15세관람가,일반영화
어댑테이션,스파이크 존즈,(주)쇼박스,2003-05-08,장편,미국,0,0,53418,0,"25,762",드라마,청소년관람불가,일반영화
당신이 그녀라면,커티스 핸슨,이십세기폭스코리아(주),2006-01-12,장편,미국,0,0,53200,0,"24,841",코미디,15세관람가,일반영화
"부르고뉴, 와인에서 찾은 인생",세드릭 클래피쉬,(주)티캐스트,2018-05-03,장편,프랑스,55,462165900,53175,"293,428,900","33,266",드라마,15세관람가,독립/예술영화
튤립 피버,저스틴 채드윅,(주)팝엔터테인먼트,2017-12-14,장편,영국,359,425521049,53121,"183,860,049","22,677",드라마,청소년관람불가,독립/예술영화
디센던트,알렉산더 페인,이십세기폭스코리아(주),2012-02-16,장편,미국,114,407991800,53103,"278,344,800","35,393",코미디,15세관람가,독립/예술영화
인생은 뷰티풀: 비타돌체,"김선형,오윤동",씨제이 씨지브이(CJ CGV)(주),2022-09-07,장편,한국,107,1667323500,52969,"647,908,500","19,918",다큐멘터리,전체관람가,일반영화
블랙 가스펠,히즈엠티 선교회,(주)넥스트엔터테인먼트월드(NEW),2013-11-14,장편,한국,143,364990500,52852,"200,172,000","27,504",드라마,전체관람가,독립/예술영화
더 라스트: 나루토 더 무비,코바야시 츠네오,와이드 릴리즈(주),2015-02-26,장편,일본,158,391905272,52816,"112,856,072","14,897",애니메이션,12세관람가,독립/예술영화
워,필립 G. 애트웰,롯데쇼핑㈜롯데엔터테인먼트,2008-02-28,장편,미국,137,342294500,52787,"75,104,000","11,229",스릴러,청소년관람불가,일반영화
콘트라밴드,발타자르 코루마쿠르,유니버설픽쳐스인터내셔널 코리아(유),2012-03-22,장편,미국,178,393549500,52743,"122,177,000","15,714",액션,청소년관람불가,일반영화
둠,안드레이 바르코비악,UIP코리아,2005-12-02,장편,미국,0,0,52700,0,"9,767",액션,청소년관람불가,일반영화
쿵푸 덩크,주연평,(주)싸이더스,2008-02-28,장편,기타,155,326514500,52688,"93,705,000","14,799",코미디,15세관람가,일반영화
머니백,허준형,(주)리틀빅픽쳐스,2018-04-12,장편,한국,472,411511600,52618,"105,898,500","12,994",액션,15세관람가,일반영화
폭풍전야,조창호,(주)성원아이컴,2010-04-01,장편,한국,134,393501207,52597,"162,652,500","20,740",드라마,청소년관람불가,일반영화
어메이징 그레이스,마이클 앱티드,이십세기폭스코리아(주),2008-03-20,장편,미국,50,321802167,52544,"138,728,667","22,216",사극,전체관람가,일반영화
프랭크,레니 에이브러햄슨,(주)영화사 진진,2014-09-25,장편,영국,208,410015145,52488,"264,763,445","32,798",코미디,15세관람가,독립/예술영화
도쿄타워,미나모토 타카시,스폰지,2005-11-23,장편,일본,0,0,52477,0,"52,477",드라마,청소년관람불가,일반영화
호프 스프링즈,데이빗 프랭클,(주)시너지하우스 (시너지),2013-04-04,장편,미국,179,368939500,52426,"182,120,000","25,266",멜로/로맨스,청소년관람불가,일반영화
캔디맨,니아 다코스타,유니버설픽쳐스인터내셔널 코리아(유),2021-09-22,장편,미국,608,509775750,52340,"168,324,330","17,557",미스터리,15세관람가,일반영화
더 비지트,M. 나이트 샤말란,유니버설픽쳐스인터내셔널 코리아(유),2015-10-15,장편,미국,279,403435581,52197,"125,714,081","15,652",스릴러,15세관람가,일반영화
사랑은 언제나 진행중,바트 프룬디치,(주)시너지하우스 (시너지),2010-03-11,장편,미국,181,388949159,52193,"139,336,500","17,517",코미디,15세관람가,일반영화
너의 췌장을 먹고 싶어,우시지마 신이치로,(주)넥스트엔터테인먼트월드(NEW),2018-11-15,장편,일본,319,408562605,52161,"142,430,905","16,738",애니메이션,12세관람가,독립/예술영화
별을 쫓는 아이,신카이 마코토,(주)미디어캐슬,2011-08-25,장편,일본,139,373288500,52159,"175,196,000","23,225",애니메이션,전체관람가,일반영화
꼬마영웅 경찰차 프로디,라스무스 A. 실버르센,예지림엔터테인먼트,2013-04-11,장편,기타,229,343590000,52154,"61,132,500","8,540",애니메이션,전체관람가,독립/예술영화
포인트 블랭크,프레드 카바예,KT&G 상상마당 영화사업팀 컴퍼니에스에스(주),2011-07-13,장편,프랑스,153,397470300,52094,"156,695,800","19,602",스릴러,청소년관람불가,독립/예술영화
원피스 - 기계태엽성의 메카거병,우다 코우노스케,(주)엠케이픽처스,2006-10-26,장편,일본,0,0,52059,0,"13,469",애니메이션,전체관람가,일반영화
소중한 날의 꿈,"안재훈,한혜진",에이원엔터테인먼트,2011-06-23,장편,한국,128,360928100,52010,"188,132,100","26,312",애니메이션,전체관람가,독립/예술영화
인 더 하이츠,존 추,워너브러더스 코리아(주),2021-06-30,장편,미국,649,477691320,51987,"210,683,030","21,834",뮤지컬,12세관람가,일반영화
마하 2.6: 풀스피드,제라르 피레,유니버설픽쳐스인터내셔널 코리아(유),2007-04-05,장편,프랑스,0,0,51917,0,"18,789",액션,15세관람가,일반영화
바다 탐험대 옥토넛 스페셜,니키 팰런,와이드 릴리즈(주),2015-02-05,장편,영국,210,383427600,51884,"84,362,100","10,733",애니메이션,전체관람가,독립/예술영화
매혹당한 사람들,소피아 코폴라,유니버설픽쳐스인터내셔널 코리아(유),2017-09-06,장편,미국,395,393548500,51867,"187,653,600","23,621",스릴러,15세관람가,독립/예술영화
빅샤크2: 해저2만리,신우,와이드 릴리즈(주),2019-06-06,장편,중국,344,372308920,51841,"41,575,060","5,105",애니메이션,전체관람가,일반영화
프리키 데스데이,크리스토퍼 랜던,유니버설픽쳐스인터내셔널 코리아(유),2020-11-25,장편,미국,631,451260690,51816,"128,273,640","14,722",코미디,청소년관람불가,일반영화
아인보: 아마존의 전설,"리처드 클라우스,호세 젤라다",(주)디스테이션,2022-10-26,장편,기타,401,397326479,51683,"30,757,888","3,576",애니메이션,전체관람가,일반영화
스트레스를 부르는 그 이름 직장상사,세스 고든,워너브러더스 코리아(주),2011-11-17,장편,미국,117,404070500,51646,"211,009,000","26,179",코미디,청소년관람불가,일반영화
오싱,토가시 신,(주)팝엔터테인먼트,2013-12-05,장편,일본,233,334512500,51637,"126,668,500","19,136",드라마,전체관람가,독립/예술영화
킬러 인사이드 미,"마이클 윈터바텀,존 커랜",(주)프라임엔터테인먼트,2010-07-07,장편,미국,121,391822268,51555,"158,818,000","20,034",범죄,청소년관람불가,독립/예술영화
스카이포스 3D,토니 탕,(주)미디어데이,2013-02-28,장편,미국,183,349260500,51553,"82,973,500","10,911",애니메이션,전체관람가,일반영화
아웃포스트,로드 루리,(주)제이앤씨미디어그룹,2020-09-23,장편,미국,454,428533870,51381,"167,909,230","19,323",전쟁,15세관람가,일반영화
언어의 정원,신카이 마코토,(주)미디어캐슬,2013-08-14,장편,일본,64,384597200,51337,"220,381,700","28,007",애니메이션,12세관람가,독립/예술영화
킬 미,양종현,(주)싸이더스,2009-11-05,장편,한국,172,390480657,51304,"112,069,500","13,852",멜로/로맨스,청소년관람불가,일반영화
훌라걸스,이상일,(주)쇼박스,2007-03-01,장편,일본,0,0,51272,0,"32,720",코미디,전체관람가,일반영화
더블 스파이,토니 길로이,유니버설픽쳐스인터내셔널 코리아(유),2009-04-16,장편,미국,126,339420521,51270,"156,063,500","22,485",범죄,12세관람가,일반영화
트리 오브 라이프,테렌스 맬릭,(주)에스비에스콘텐츠허브,2011-10-27,장편,미국,125,369070500,51228,"221,825,500","29,125",드라마,15세관람가,독립/예술영화
미안해 사랑해 고마워,전윤수,(주)쇼박스,2015-10-28,장편,한국,344,359247800,51207,"106,619,300","14,482",드라마,15세관람가,일반영화
빅 미라클,켄 콰피스,유니버설픽쳐스인터내셔널 코리아(유),2012-02-23,장편,미국,170,344139500,51151,"117,016,500","16,293",드라마,전체관람가,일반영화
콜레트,워시 웨스트모어랜드,(주)넥스트엔터테인먼트월드(NEW),2019-03-27,장편,영국,169,409004989,51149,"248,891,499","30,789",드라마,15세관람가,독립/예술영화
서울이 보이냐,송동윤,(주)시네마서비스,2008-05-08,장편,한국,125,309567000,50956,"48,727,000","7,706",가족,전체관람가,일반영화
두 번의 결혼식과 한 번의 장례식,김조광수,(주)영화사 진진,2012-06-21,장편,한국,67,380102144,50905,"239,826,644","30,630",코미디,15세관람가,독립/예술영화
더 씽,매티스 반 헤이닌겐 주니어,(주)싸이더스,2012-06-14,장편,미국,174,367519589,50839,"91,566,089","11,900",공포(호러),15세관람가,일반영화
윈드 리버,테일러 쉐리던,(주)다자인소프트,2017-09-14,장편,미국,330,391358700,50783,"159,742,100","20,211",액션,15세관람가,독립/예술영화
브루클린,존 크로울리,이십세기폭스코리아(주),2016-04-21,장편,미국,40,410850100,50768,"285,430,600","34,858",드라마,12세관람가,독립/예술영화
부활: 그 증거,김상철,(주)영화사 진진,2020-10-08,장편,한국,111,419172070,50692,"67,857,200","8,358",다큐멘터리,전체관람가,독립/예술영화
포레스트: 죽음의 숲,제이슨 자다,유니버설픽쳐스인터내셔널 코리아(유),2016-03-30,장편,미국,312,391633862,50631,"65,795,262","8,286",공포(호러),12세관람가,일반영화
폴란드로 간 아이들,추상미,커넥트픽쳐스(주),2018-10-31,장편,한국,181,386723800,50545,"240,190,800","30,064",다큐멘터리,전체관람가,독립/예술영화
야마카시,아리엘 제이통,기타,2003-12-05,장편,프랑스,0,0,50529,0,"17,950",액션,15세관람가,일반영화
더 테너 리리코 스핀토,김상만,(주)박수엔터테인먼트,2014-12-31,장편,한국,185,391554441,50514,"199,819,741","25,656",드라마,12세관람가,독립/예술영화
젝스키스 에이틴,기타,씨제이 씨지브이(CJ CGV)(주),2018-01-18,장편,한국,25,364405500,50419,"225,891,500","29,333",다큐멘터리,전체관람가,일반영화
"뉴욕에서 온 남자, 파리에서 온 여자",줄리 델피,㈜메가박스,2007-07-19,장편,프랑스,0,0,50390,0,"33,535",멜로/로맨스,청소년관람불가,독립/예술영화
다이빙벨,"이상호,안해룡",(주)시네마달,2014-10-23,장편,한국,20,348485500,50288,"168,295,500","21,332",다큐멘터리,15세관람가,독립/예술영화
"제자, 옥한흠",김상철,주식회사 마운틴픽쳐스,2014-10-30,장편,한국,25,366587200,50274,"126,335,500","16,587",다큐멘터리,전체관람가,독립/예술영화
핑크퐁 시네마 콘서트 2: 원더스타 콘서트 대작전,김수경,(주)넥스트엔터테인먼트월드(NEW),2022-12-21,장편,한국,432,464892418,50206,"100,336,692","9,739",애니메이션,전체관람가,독립/예술영화
비밀,"박은경,이동하",CGV아트하우스,2015-10-15,장편,한국,305,369339300,50196,"94,697,600","12,167",미스터리,15세관람가,일반영화
인시디어스,제임스 완,(주)쇼박스,2012-09-13,장편,미국,178,357783500,50163,"117,051,000","15,566",공포(호러),15세관람가,일반영화
내가 잠들기 전에,로완 조페,(주)영화사 진진,2014-10-30,장편,영국,197,390872600,50098,"149,832,300","18,702",미스터리,청소년관람불가,독립/예술영화
도마 안중근,서세원,(주)소스원프로덕션,2004-09-10,장편,한국,0,0,50000,0,"20,000",드라마,전체관람가,일반영화
케이트 앤 레오폴드,제임스 맨골드,이십세기폭스코리아(주),2003-10-31,장편,미국,0,0,50000,0,"19,536",멜로/로맨스,12세관람가,일반영화
화이트 노이즈,제프리 삭스,UIP코리아,2005-04-08,장편,미국,0,0,50000,0,"18,114",공포(호러),15세관람가,일반영화
언더더씨,에반 트라멜,(주)팝엔터테인먼트,2017-06-22,장편,미국,163,382413600,49958,"69,088,400","8,765",애니메이션,전체관람가,일반영화
레드라이트,로드리고 코르테스,(주)씨제이이엔엠,2012-08-23,장편,기타,197,355743500,49925,"138,448,500","18,514",미스터리,15세관람가,일반영화
베이직,존 맥티어난,코리아픽쳐스(주),2004-02-06,장편,미국,0,0,49900,0,"19,700",액션,15세관람가,일반영화
마음이 외치고 싶어해,나가이 타츠유키,주식회사 온 피크,2016-03-30,장편,일본,122,405746600,49813,"137,297,800","16,598",애니메이션,12세관람가,독립/예술영화
번개맨의 비밀,강유선,(주)디스테이션,2018-12-06,장편,한국,309,383521050,49751,"72,853,050","8,829",가족,전체관람가,일반영화
파 프롬 헤븐,토드 헤인즈,(주)영화사 안다미로,2003-05-23,장편,미국,0,0,49691,0,"30,164",드라마,청소년관람불가,독립/예술영화
살인소설,김진묵,(주)스톰픽쳐스코리아,2018-04-25,장편,한국,434,392591200,49682,"110,034,500","13,655",스릴러,15세관람가,독립/예술영화
어글리 돌,캘리 애스버리,판씨네마(주),2019-05-01,장편,미국,353,357110870,49509,"82,282,540","10,570",애니메이션,전체관람가,독립/예술영화
"가장 따뜻한 색, 블루",압델라티프 케시시,판씨네마(주),2014-01-16,장편,프랑스,39,380280200,49374,"261,628,200","32,766",드라마,청소년관람불가,독립/예술영화
천공의 성 라퓨타,미야자키 하야오,대원미디어(주),2004-04-30,장편,일본,0,0,49052,0,"22,005",애니메이션,전체관람가,일반영화
라스트 나잇 인 소호,에드가 라이트,유니버설픽쳐스인터내셔널 코리아(유),2021-12-01,장편,미국,511,456301840,48985,"202,224,560","23,102",공포(호러),청소년관람불가,일반영화
에곤 쉴레: 욕망이 그린 그림,디에터 버너,(주)티캐스트,2016-12-22,장편,기타,50,392999100,48985,"288,942,600","34,618",드라마,청소년관람불가,독립/예술영화
355,사이먼 킨버그,(주)스튜디오 산타클로스엔터테인먼트,2022-02-09,장편,미국,540,416928590,48976,"164,566,920","20,322",액션,15세관람가,일반영화
슈퍼미니 2,"토마스 자보,헬레네 지라드",(주)박수엔터테인먼트,2019-02-27,장편,프랑스,345,374780620,48942,"96,127,960","11,784",애니메이션,전체관람가,일반영화
미스 사이공 : 25주년 특별 공연,브렛 설리반,유니버설픽쳐스인터내셔널 코리아(유),2016-11-24,장편,미국,100,945326500,48931,"557,901,700","28,743",공연,15세관람가,일반영화
스트레이트 아웃 오브 컴턴,F. 게리 그레이,유니버설픽쳐스인터내셔널 코리아(유),2015-09-10,장편,미국,185,412749800,48844,"235,536,700","27,135",드라마,청소년관람불가,일반영화
어네스트와 셀레스틴,"스테판 오비에,뱅상 파타,벤자민 레너",씨너스엔터테인먼트(주),2014-02-20,장편,프랑스,202,328922100,48710,"134,213,100","18,826",애니메이션,전체관람가,독립/예술영화
트윈 이펙트,"견자단,임초현",프라임픽쳐스,2003-09-18,장편,기타,0,0,48624,0,"18,934",액션,12세관람가,독립/예술영화
인 어 베러 월드,수잔 비에르,㈜씨에이엔,2011-06-23,장편,기타,21,352819500,48549,"247,574,000","32,666",드라마,12세관람가,독립/예술영화
나의 히어로 아카데미아 더 무비: 월드 히어로즈 미션,나가사키 켄지,(주)스마일이엔티,2022-03-09,장편,일본,459,471587590,48436,"127,206,380","12,299",애니메이션,12세관람가,일반영화
더 킥,"프라챠 핀카엡,이종석",(주)쇼박스,2011-11-03,장편,한국,153,331287500,48396,"60,436,000","7,865",액션,12세관람가,일반영화
저지드레드 3D,피트 트래비스,롯데쇼핑㈜롯데엔터테인먼트,2012-12-06,장편,영국,184,365262000,48341,"126,480,500","16,087",SF,청소년관람불가,일반영화
3:10 투 유마,제임스 맨골드,(주)시네마서비스,2008-02-21,장편,미국,142,306807833,48284,"95,270,333","14,290",범죄,15세관람가,일반영화
데자뷰,고경민,(주)키다리이엔티,2018-05-30,장편,한국,536,360833100,48279,"78,964,200","10,074",미스터리,15세관람가,일반영화
세븐틴 파워 오브 러브 : 더 무비,오윤동,씨제이포디플렉스 주식회사,2022-04-20,장편,한국,151,965458500,48275,"442,907,000","22,147",공연,전체관람가,일반영화
우리들,윤가은,(주)엣나인필름,2016-06-16,장편,한국,76,358799960,48223,"219,260,560","27,794",드라마,전체관람가,독립/예술영화
와일드,스티브 스파즈 윌리엄스,브에나비스타인터내셔널코리아,2006-04-20,장편,미국,0,0,48094,0,"13,755",애니메이션,전체관람가,일반영화
안나와 알렉스 : 두자매 이야기,찰스 가드,(주)씨제이이엔엠,2009-04-09,장편,미국,99,322437449,48069,"106,625,500","15,118",공포(호러),15세관람가,일반영화
미스 슬로운,존 매든,(주)메인타이틀픽쳐스,2017-03-29,장편,미국,104,381394300,48051,"199,557,400","24,714",드라마,15세관람가,독립/예술영화
목숨 건 연애,송민규,오퍼스픽쳐스(유),2016-12-14,장편,한국,393,361142800,47684,"120,507,000","14,834",멜로/로맨스,15세관람가,일반영화
극장판 도라에몽: 진구의 우주소전쟁 리틀스타워즈 2021,야마구치 스스무,(주)스마일이엔티,2022-08-03,장편,일본,389,440210098,47680,"77,748,320","7,857",애니메이션,전체관람가,일반영화
매기스 플랜,레베카 밀러,오드,2017-01-25,장편,미국,94,382361800,47668,"258,221,100","31,084",코미디,15세관람가,독립/예술영화
잘못된 만남,정영배,토이 엔터테인먼트,2008-07-10,장편,한국,132,308898000,47557,"70,781,000","10,193",드라마,15세관람가,일반영화
하프 패스트 데드,돈 마이클 폴,한국소니픽쳐스릴리징브에나비스타영화㈜,2003-02-28,장편,미국,0,0,47543,0,"8,780",액션,15세관람가,일반영화
온리 더 브레이브,조셉 코신스키,㈜코리아스크린,2018-03-07,장편,미국,301,373727300,47540,"127,393,400","15,953",드라마,12세관람가,일반영화
망치,안태근,스폰지,2004-08-06,장편,한국,0,0,47502,0,"12,320",애니메이션,전체관람가,일반영화
쿼바디스 도미네,예르지 카발레로비치,신한영화(주),2004-12-10,장편,기타,0,0,47446,0,"47,446",드라마,15세관람가,일반영화
머니 몬스터,조디 포스터,유니버설픽쳐스인터내셔널 코리아(유),2016-08-31,장편,미국,151,367961600,47226,"138,602,100","17,533",스릴러,15세관람가,일반영화
"스탠바이, 웬디",벤 루윈,판씨네마(주),2018-05-30,장편,미국,345,373587080,47223,"156,447,780","19,000",드라마,전체관람가,독립/예술영화
트리플 9,존 힐코트,(주)리틀빅픽쳐스,2016-04-20,장편,미국,329,365164300,47197,"131,109,600","16,407",범죄,청소년관람불가,일반영화
작은 연못,이상우,기타,2010-04-15,장편,한국,80,317197695,47160,"137,962,500","21,003",드라마,15세관람가,독립/예술영화
뜨거운 안녕,남택수,(주)나이너스엔터테인먼트,2013-05-30,장편,한국,172,315291000,47105,"120,055,000","17,164",드라마,12세관람가,일반영화
잃어버린 도시 Z,제임스 그레이,(주)영화사 빅,2017-09-21,장편,미국,398,362053440,47088,"107,823,340","13,303",액션,12세관람가,독립/예술영화
사랑할 땐 누구나 최악이 된다,요아킴 트리에,그린나래미디어(주),2022-08-25,장편,기타,68,475994367,47023,"376,331,250","36,348",멜로/로맨스,15세관람가,독립/예술영화
나츠메 우인장: 세상과 연을 맺다,"오오모리 타카히로,이토 히데키",(주)애니플러스,2018-10-31,장편,일본,110,387190200,46913,"143,055,100","16,780",애니메이션,전체관람가,일반영화
에코,얌 라라나스,(주)프라임엔터테인먼트,2009-05-28,장편,미국,139,302933039,46884,"88,550,000","12,635",드라마,15세관람가,일반영화
세상을 바꾼 변호인,미미 레더,CGV아트하우스,2019-06-13,장편,미국,185,369943170,46854,"208,635,700","25,790",드라마,12세관람가,독립/예술영화
비밥바룰라,이성재,(주)키다리이엔티,2018-01-24,장편,한국,347,318986200,46817,"102,609,200","13,980",코미디,12세관람가,일반영화
적인걸2 : 신도해왕의 비밀,서극,씨너스엔터테인먼트(주),2013-10-02,장편,중국,169,328321000,46796,"100,369,000","13,987",미스터리,12세관람가,일반영화
이스케이프,존 에릭 도들,(주)넥스트엔터테인먼트월드(NEW),2015-11-05,장편,미국,264,356672000,46781,"99,350,900","12,416",액션,15세관람가,일반영화
내 연애의 기억,이권,주식회사 디에스이이디,2014-08-20,장편,한국,182,358863117,46775,"100,877,417","12,559",멜로/로맨스,청소년관람불가,독립/예술영화
엽문3: 최후의 대결,엽위신,(주)키다리이엔티,2016-03-10,장편,기타,130,391356600,46756,"90,536,400","10,636",액션,12세관람가,독립/예술영화
크림슨 피크,길예르모 델 토로,유니버설픽쳐스인터내셔널 코리아(유),2015-11-25,장편,미국,255,379765400,46735,"185,326,400","22,732",판타지,청소년관람불가,일반영화
스크림 4G,웨스 크레이븐,(주)시너지하우스 (시너지),2011-06-09,장편,미국,163,367661000,46723,"148,334,000","18,044",미스터리,청소년관람불가,일반영화
갤럭시 히어로즈: 라쳇 앤 클랭크,케빈 먼로,(주)영화사 빅,2016-08-17,장편,미국,237,336281100,46638,"76,062,000","9,486",애니메이션,전체관람가,독립/예술영화
"그래, 가족",마대윤,월트디즈니컴퍼니코리아 유한책임회사,2017-02-15,장편,한국,361,350293300,46623,"154,192,600","19,381",코미디,12세관람가,일반영화
엘리노어 릭비: 그 남자 그 여자,네드 벤슨,(주)이수C&E,2015-04-09,장편,미국,212,375796900,46589,"207,508,900","24,892",드라마,15세관람가,독립/예술영화
유레루,니시카와 미와,프리비젼엔터테인먼트,2006-08-10,장편,일본,0,0,46479,0,"37,728",드라마,15세관람가,일반영화
마더!,대런 아로노프스키,롯데쇼핑㈜롯데엔터테인먼트,2017-10-19,장편,미국,398,366642382,46469,"177,160,582","22,015",드라마,청소년관람불가,일반영화
심야식당 2,마츠오카 조지,(주)디스테이션,2017-06-08,장편,일본,235,364773900,46468,"179,688,300","22,060",드라마,12세관람가,독립/예술영화
에그엔젤 코코밍: 두근두근 핼러윈 파티,닛타 노리오,(주)엠제이픽쳐스,2018-09-22,장편,일본,179,367076000,46386,"66,128,800","8,014",애니메이션,전체관람가,일반영화
하드코어 헨리,일리야 나이슐러,㈜코리아스크린,2016-05-19,장편,미국,239,399211211,46373,"174,256,411","19,705",액션,청소년관람불가,일반영화
플래닛 51,"호르헤 블랑코,마르코스 마르티네즈,자비에르 아바드",(주)쇼박스,2010-10-21,장편,기타,67,292826223,46330,"75,168,000","11,480",애니메이션,전체관람가,일반영화
블레어 위치,아담 윈가드,㈜코리아스크린,2016-11-23,장편,미국,172,367484200,46285,"103,260,200","12,541",공포(호러),15세관람가,일반영화
베스트 오퍼,쥬세페 토르나토레,(주)박수엔터테인먼트,2014-06-12,장편,기타,175,355182700,46282,"182,679,900","23,099",미스터리,15세관람가,독립/예술영화
썬데이 서울,박성훈,(주)시네마서비스,2006-02-09,장편,한국,0,0,46239,0,"9,356",코미디,15세관람가,일반영화
루니 툰 : 백 인 액션,조 단테,워너브러더스 코리아(주),2003-12-24,장편,미국,0,0,46200,0,"14,961",액션,전체관람가,일반영화
슈퍼윙스 3D,올가 로패토,(주)영화사 빅,2013-08-14,장편,기타,129,269711500,46124,"49,622,500","7,716",애니메이션,전체관람가,일반영화
송 원,케이트 베커-플로이랜드,(주)박수엔터테인먼트,2015-04-01,장편,미국,365,343444743,46079,"130,271,143","16,646",드라마,15세관람가,독립/예술영화
아프리카 마법여행,조르디 롬파르트,롯데쇼핑㈜롯데엔터테인먼트,2011-01-20,장편,기타,150,425106500,46025,"109,188,500","11,427",어드벤처,전체관람가,일반영화
무드 인디고,미셸 공드리,(주)프레인글로벌,2014-12-11,장편,프랑스,55,370462100,46010,"255,913,200","31,090",드라마,15세관람가,독립/예술영화
더 파더,플로리안 젤러,판씨네마(주),2021-04-07,장편,영국,348,384940000,45900,"217,401,460","25,258",드라마,12세관람가,독립/예술영화
된장,이서군,(주)씨제이이엔엠,2010-10-21,장편,한국,112,339506355,45896,"102,398,500","13,031",미스터리,12세관람가,일반영화
퍼펙트 센스,데이빗 맥킨지,(주)아이엠비씨,2011-11-24,장편,영국,124,343990100,45865,"181,697,100","23,419",멜로/로맨스,15세관람가,독립/예술영화
타샤 튜더,마츠타니 미츠에,(주)마노엔터테인먼트,2018-09-13,장편,일본,28,363786850,45841,"228,507,450","27,019",다큐멘터리,전체관람가,독립/예술영화
스마트 피플,노암 머로,(주)씨제이이엔엠,2008-08-21,장편,미국,27,314975000,45818,"215,406,000","30,519",코미디,12세관람가,일반영화
히어애프터,클린트 이스트우드,워너브러더스 코리아(주),2011-03-24,장편,미국,112,336316000,45755,"138,296,500","17,822",드라마,12세관람가,일반영화
족구왕,우문기,KT&G 상상마당 영화사업팀 컴퍼니에스에스(주),2014-08-21,장편,한국,58,359688000,45701,"215,590,700","26,552",코미디,15세관람가,독립/예술영화
설계,박창진,(주)팝엔터테인먼트,2014-09-18,장편,한국,257,347188800,45638,"77,155,100","9,665",스릴러,청소년관람불가,일반영화
리틀 프린세스 소피아: 엘레나와 비밀의 아발로 왕국,제이미 미첼,월트디즈니컴퍼니코리아 유한책임회사,2017-04-13,장편,미국,149,317454000,45484,"82,872,000","11,129",애니메이션,전체관람가,일반영화
미운오리새끼,곽경택,롯데쇼핑㈜롯데엔터테인먼트,2012-08-30,장편,한국,167,308009500,45454,"97,649,000","13,964",드라마,15세관람가,일반영화
제독의 연인,안드레이 크라프추크,(주)싸이더스,2009-04-23,장편,기타,83,299909870,45406,"135,754,500","19,910",드라마,15세관람가,독립/예술영화
스페어,이성한,(주)필름더데이즈,2008-08-28,장편,한국,62,299701000,45290,"108,299,000","15,836",액션,15세관람가,일반영화
샤오린 : 최후의 결전,진목승,(주)에스비에스콘텐츠허브,2011-08-25,장편,기타,182,329194000,45275,"83,164,000","11,004",드라마,15세관람가,일반영화
부그와 엘리엇 2,매튜 오칼라헌,소서러스어프렌티스(주),2009-03-12,장편,미국,73,274083506,45271,"74,678,000","11,605",애니메이션,전체관람가,일반영화
부니 베어: 롤라 구출 대모험,정량,(주)박수엔터테인먼트,2014-11-20,장편,중국,196,309876900,45250,"47,366,600","6,273",애니메이션,전체관람가,독립/예술영화
한 번 더 해피엔딩,마크 로렌스,(주)팝엔터테인먼트,2015-04-08,장편,미국,231,348096551,45166,"162,620,851","20,409",멜로/로맨스,15세관람가,독립/예술영화
페이트 스테이 나이트 헤븐즈필 제2장 로스트 버터플라이,스도 토모노리,(주)애니플러스,2019-03-21,장편,일본,94,397411880,45157,"179,118,880","19,707",애니메이션,15세관람가,독립/예술영화
스케어리 스토리:어둠의 속삭임,안드레 외브레달,(주)제이앤씨미디어그룹,2020-03-25,장편,미국,186,375492420,44989,"123,043,980","14,557",판타지,15세관람가,일반영화
밀림의 왕자 레오2,타케우치 요시오,에이원엔터테인먼트,2012-11-08,장편,일본,159,274928000,44988,"42,073,000","5,936",애니메이션,전체관람가,일반영화
아더와 미니모이 2 : 셀레니아 공주 구출 작전,뤽 베송,롯데쇼핑㈜롯데엔터테인먼트,2010-07-08,장편,프랑스,61,292857989,44961,"71,554,000","10,442",판타지,전체관람가,독립/예술영화
내가 죽기 전에 가장 듣고 싶은 말,마크 펠링톤,(주)메인타이틀픽쳐스,2017-07-19,장편,미국,154,328678600,44839,"142,556,300","19,450",코미디,12세관람가,독립/예술영화
북촌방향,홍상수,(주)영화제작전원사,2011-09-08,장편,한국,24,359513700,44824,"286,745,700","34,806",드라마,청소년관람불가,독립/예술영화
댄서,스티븐 캔터,(주)엣나인필름,2017-04-13,장편,영국,43,361971049,44750,"268,663,049","32,076",다큐멘터리,15세관람가,독립/예술영화
킹메이커,조지 클루니,(주)시너지하우스 (시너지),2012-04-19,장편,미국,95,340466000,44689,"152,213,000","19,439",드라마,15세관람가,일반영화
호두까기인형 3D,안드레이 콘찰로프스키,(주)나이너스엔터테인먼트,2013-01-03,장편,미국,132,298444000,44677,"82,419,500","11,486",가족,전체관람가,일반영화
케빈에 대하여,린 램지,(주)티캐스트,2012-07-26,장편,영국,17,352965000,44649,"288,660,500","35,616",드라마,청소년관람불가,독립/예술영화
저스티스,로저 도널드슨,(주)쇼박스,2012-03-15,장편,미국,142,329594500,44546,"113,994,000","14,609",액션,청소년관람불가,일반영화
프리버즈: 밍쿠와 찌아의 도시 대탈출,"다니엘 드 필립포,구스타보 지아니니",(주)영화사 빅,2013-09-17,장편,기타,213,288856500,44466,"78,214,500","11,910",애니메이션,전체관람가,독립/예술영화
드래곤볼Z : 신들의 전쟁,호소다 마사히로,(주)인벤트스톤,2013-08-29,장편,일본,262,292117500,44231,"86,810,500","12,321",애니메이션,전체관람가,일반영화
글래디에이터: 로마 영웅 탄생의 비밀 3D,이기니오 스트라피,(주)에스비에스콘텐츠허브,2013-03-14,장편,기타,275,298917500,44198,"81,120,000","11,039",애니메이션,전체관람가,일반영화
플로이,아르니 올라푸르 아스게이르손,(주)스마일이엔티,2018-08-15,장편,기타,242,329325300,44141,"84,916,000","10,166",애니메이션,전체관람가,독립/예술영화
매란방,첸 카이거,에스케이텔레콤(주),2009-04-16,장편,중국,185,284904682,44131,"93,664,000","13,899",드라마,12세관람가,일반영화
허니와 클로버,타카타 마사히로,스폰지,2007-01-11,장편,일본,0,0,44087,0,"34,115",멜로/로맨스,전체관람가,일반영화
허슬러,로렌 스카파리아,(주)제이앤씨미디어그룹,2019-11-27,장편,미국,445,358501960,44071,"167,462,240","19,996",범죄,청소년관람불가,일반영화
행운을 돌려줘!,도날드 페트리,이십세기폭스필름코퍼레이션,2006-05-25,장편,미국,0,0,44000,0,"12,850",멜로/로맨스,12세관람가,일반영화
프랑켄위니,팀 버튼,소니픽쳐스릴리징월트디즈니스튜디오스코리아(주),2012-10-11,장편,미국,226,365356000,43978,"159,120,500","17,259",애니메이션,12세관람가,일반영화
성실한 나라의 앨리스,안국진,CGV아트하우스,2015-08-13,장편,한국,69,349482500,43964,"175,441,700","21,590",드라마,청소년관람불가,독립/예술영화
혈투,박훈정,(주)싸이더스,2011-02-24,장편,한국,169,329280000,43947,"93,141,000","11,662",액션,15세관람가,일반영화
신주쿠 사건,이동승,한국소니픽쳐스릴리징브에나비스타영화㈜,2009-06-18,장편,기타,104,289750076,43881,"83,954,500","11,928",액션,청소년관람불가,일반영화
범죄의 여왕,"이요섭,김태곤",(주)콘텐츠판다,2016-08-25,장편,한국,270,343663400,43823,"129,520,200","16,136",스릴러,15세관람가,독립/예술영화
플래그 더 문,엔리케 가토,(주)박수엔터테인먼트,2016-06-02,장편,기타,244,320445000,43743,"67,970,200","8,882",애니메이션,전체관람가,독립/예술영화
컴백홈,이연우,(주)제이앤씨미디어그룹,2022-10-05,장편,한국,603,386265079,43688,"98,221,160","11,490",드라마,15세관람가,일반영화
우리별 일호와 얼룩소,장형윤,(주)인디플러그,2014-02-20,장편,한국,209,288773500,43674,"92,386,000","13,219",애니메이션,전체관람가,독립/예술영화
다이노 어드벤처2: 육해공 공룡 대백과,마이크 데블린,(주)박수엔터테인먼트,2018-10-09,장편,영국,322,335469900,43627,"54,117,350","6,630",애니메이션,전체관람가,일반영화
울브스,데이비드 헤이터,(주)프레인글로벌,2014-11-13,장편,미국,291,313204669,43613,"99,784,569","13,006",판타지,15세관람가,일반영화
아일라,칸 울카이,(주)영화사 빅,2018-06-21,장편,기타,371,331882900,43612,"113,851,100","14,574",드라마,15세관람가,독립/예술영화
약장수,조치언,(주)대명문화공장,2015-04-23,장편,한국,282,313238400,43562,"94,969,000","13,043",드라마,15세관람가,일반영화
스위트 룸,아톰 에고이안,(주)미로비젼,2006-04-06,장편,기타,0,0,43550,0,"12,599",스릴러,청소년관람불가,일반영화
파바로티,론 하워드,오드,2020-01-01,장편,영국,85,348527658,43486,"225,380,018","26,739",다큐멘터리,12세관람가,독립/예술영화
파비안느에 관한 진실,고레에다 히로카즈,(주)티캐스트,2019-12-05,장편,프랑스,109,289733200,43459,"201,078,920","30,021",드라마,12세관람가,독립/예술영화
"여자, 정혜",이윤기,(주)쇼박스,2005-03-10,장편,한국,0,0,43457,0,"27,319",드라마,15세관람가,독립/예술영화
귀멸의 칼날: 나타구모산 편,소토자키 하루오,(주)박수엔터테인먼트,2021-11-17,장편,일본,310,418848670,43431,"104,945,500","10,583",애니메이션,15세관람가,일반영화
후회하지 않아,이송희일,(주)씨제이이엔엠,2006-11-16,장편,한국,0,0,43348,0,"30,713",드라마,청소년관람불가,독립/예술영화
타인의 삶,플로리안 헨켈 폰 도너스마르크,(주)유레카픽쳐스,2007-03-22,장편,독일,0,0,43288,0,"36,964",드라마,15세관람가,독립/예술영화
비카인드 리와인드,미셸 공드리,(주)싸이더스,2009-01-08,장편,미국,90,295722305,43281,"169,684,500","23,628",코미디,12세관람가,독립/예술영화
업사이드,닐 버거,(주)디스테이션,2019-06-13,장편,미국,188,365579100,43265,"146,321,900","17,317",코미디,12세관람가,독립/예술영화
하이큐!! 재능과 센스,미츠나카 스스무,(주)이수C&E,2017-11-15,장편,일본,105,310201500,43221,"114,691,500","15,138",애니메이션,12세관람가,일반영화
고백,나카시마 테츠야,(주)미로비젼,2011-03-31,장편,일본,36,337747500,43127,"221,624,500","27,659",드라마,청소년관람불가,독립/예술영화
황색 눈물,이누도 잇신,스폰지,2007-06-14,장편,일본,0,0,43094,0,"27,019",드라마,12세관람가,일반영화
빅트립: 아기팬더 배달 대모험,바실리 로벤스키,(주)트리플픽쳐스,2019-10-23,장편,미국,373,330035500,42914,"53,849,260","6,410",애니메이션,전체관람가,독립/예술영화
꼬마돼지 베이브의 대모험,테레사 스트로젝,(주)박수엔터테인먼트,2017-06-15,장편,독일,312,293359100,42879,"48,932,400","6,388",애니메이션,전체관람가,독립/예술영화
무지개 여신,쿠마자와 나오토,(주)동아수출공사,2006-11-30,장편,일본,0,0,42842,0,"27,359",멜로/로맨스,12세관람가,일반영화
마담 싸이코,닐 조단,(주)쇼박스,2019-06-26,장편,미국,197,360330700,42742,"135,098,800","16,075",공포(호러),15세관람가,일반영화
루이스 웨인: 사랑을 그린 고양이 화가,기타,(주)씨제이이엔엠,2022-04-06,장편,미국,530,405310110,42737,"175,901,810","18,451",드라마,12세관람가,일반영화
스페이스 독,"이나 예블라니코바,스비야토슬라브 우샤코프",예지림엔터테인먼트,2012-03-22,장편,기타,148,282088000,42720,"44,214,000","6,302",애니메이션,전체관람가,일반영화
호스트,앤드류 니콜,(주)넥스트엔터테인먼트월드(NEW),2013-04-04,장편,미국,244,298122000,42708,"125,853,000","17,599",SF,15세관람가,일반영화
로마,알폰소 쿠아론,판씨네마(주),2018-12-12,장편,기타,32,348856636,42569,"290,632,536","33,285",드라마,15세관람가,일반영화
쿠르스크,토마스 빈터베르그,(주)제이앤씨미디어그룹,2019-01-16,장편,기타,192,355683500,42484,"173,141,000","21,029",드라마,15세관람가,일반영화
아네트,레오스 카락스,그린나래미디어(주),2021-10-27,장편,프랑스,330,361863130,42424,"212,405,330","25,026",드라마,15세관람가,독립/예술영화
래더 49,제이 러셀,브에나비스타인터내셔널코리아,2005-03-25,장편,미국,0,0,42419,0,"11,969",드라마,12세관람가,일반영화
페이트 스테이 나이트 헤븐즈필 제1장 프레시지 플라워,스도 토모노리,(주)박수엔터테인먼트,2017-11-16,장편,일본,172,338294000,42413,"130,930,300","15,898",애니메이션,15세관람가,독립/예술영화
크립,"시미즈 다카시,크리스토퍼 스미스",(주)엠케이픽처스,2006-06-15,장편,영국,0,0,42387,0,"12,904",스릴러,청소년관람불가,일반영화
귀못,탁세웅,와이드 릴리즈(주),2022-10-19,장편,한국,208,358073700,42342,"82,668,900","10,998",공포(호러),15세관람가,일반영화
그레이트 뷰티,파올로 소렌티노,(주)영화사 진진,2014-06-12,장편,기타,51,326252373,42274,"229,194,173","28,823",드라마,청소년관람불가,독립/예술영화
스탠리의 도시락,아몰 굽트,타임스토리그룹(주),2012-03-08,장편,기타,164,281533000,42210,"125,000,000","17,779",드라마,전체관람가,독립/예술영화
피케이: 별에서 온 얼간이,라즈쿠마르 히라니,(주)와우픽쳐스,2015-09-03,장편,기타,184,326677800,42088,"139,163,800","17,050",코미디,15세관람가,일반영화
팜므 파탈,브라이언 드 팔마,(주)시네마서비스,2004-11-17,장편,프랑스,0,0,42000,0,"15,025",범죄,청소년관람불가,일반영화
천국에 다녀온 소년,랜달 월러스,소니픽쳐스릴리징월트디즈니스튜디오스코리아(주),2014-06-12,장편,미국,25,300249500,41957,"141,613,000","19,082",드라마,전체관람가,일반영화
일일시호일,오오모리 타츠시,(주)영화사 진진,2019-01-17,장편,일본,55,331259019,41931,"201,538,669","23,841",드라마,12세관람가,독립/예술영화
극장전,홍상수,영화사청어람(주),2005-05-26,장편,한국,0,0,41919,0,"30,468",드라마,청소년관람불가,독립/예술영화
환생,시오타 아키히코,시나브로엔터테인먼트(주),2003-10-31,장편,일본,0,0,41853,0,"20,165",멜로/로맨스,전체관람가,일반영화
리틀 러너,마이클 맥고완,(주)엠케이픽처스,2007-03-14,장편,기타,0,0,41727,0,"15,419",드라마,12세관람가,독립/예술영화
피아니스트의 전설,쥬세페 토르나토레,(주)라이크콘텐츠,2020-01-01,장편,기타,69,340627562,41680,"207,078,442","24,197",드라마,15세관람가,독립/예술영화
라스트프로포즈,유위강,롯데쇼핑㈜롯데엔터테인먼트,2009-03-05,장편,기타,153,272603561,41620,"81,269,500","11,830",멜로/로맨스,12세관람가,일반영화
더 와이프,비욘 룬게,(주)팝엔터테인먼트,2019-02-27,장편,영국,106,319839451,41525,"190,560,061","23,941",드라마,15세관람가,독립/예술영화
칠곡 가시나들,김재환,(주)인디플러그,2019-02-27,장편,한국,138,334601400,41448,"108,432,500","12,980",다큐멘터리,전체관람가,독립/예술영화
스푹스:MI5,바랫 낼러리,(주)영화사 빅,2016-03-17,장편,영국,341,316642549,41416,"95,010,700","11,837",액션,15세관람가,일반영화
말리그넌트,제임스 완,워너브러더스 코리아(주),2021-09-15,장편,미국,489,434889910,41412,"133,310,970","12,748",스릴러,청소년관람불가,일반영화
나쁜 이웃들,니콜라스 스톨러,유니버설픽쳐스인터내셔널 코리아(유),2014-07-03,장편,미국,129,335244700,41301,"121,346,900","14,209",코미디,청소년관람불가,일반영화
스니치,릭 로먼 워,(주)마인스 엔터테인먼트,2013-05-09,장편,미국,153,286388500,41242,"77,925,000","10,724",액션,15세관람가,일반영화
블레임 : 인류멸망 2011,제제 다카히사,(주)싸이더스,2009-02-26,장편,일본,120,265974349,41209,"78,854,000","11,530",SF,12세관람가,일반영화
도쿄!,"봉준호,미셸 공드리,레오스 카락스",(주)싸이더스,2008-10-23,옴니버스,일본,50,275955904,41198,"203,733,000","29,431",드라마,15세관람가,독립/예술영화
진짜로 일어날지도 몰라 기적,고레에다 히로카즈,(주)스튜디오 보난자,2011-12-22,장편,일본,16,319050400,41172,"264,804,400","33,465",드라마,전체관람가,독립/예술영화
여름날 우리,한톈,찬란,2021-08-25,장편,중국,262,371383720,41138,"160,514,590","17,801",코미디,12세관람가,독립/예술영화
모리타니안,케빈 맥도널드,(주)디스테이션,2021-03-17,장편,미국,586,367022560,41071,"124,343,450","13,645",스릴러,15세관람가,독립/예술영화
극장판 뽀잉: 슈퍼 변신의 비밀,정미화,(주)이수C&E,2018-09-20,장편,한국,294,312710450,41054,"71,542,300","8,740",애니메이션,전체관람가,일반영화
배반의 장미,박진영,롯데컬처웍스(주)롯데엔터테인먼트,2018-10-18,장편,한국,457,332232550,41054,"94,558,600","11,183",코미디,15세관람가,일반영화
레이디버그,장성,(주)삼지애니메이션,2017-02-22,장편,한국,172,310291500,41041,"83,810,500","10,575",애니메이션,전체관람가,일반영화
잔예 - 살아서는 안되는 방,나카무라 요시히로,(주)넥스트엔터테인먼트월드(NEW),2016-07-07,장편,일본,287,336004700,41023,"81,965,200","9,582",공포(호러),15세관람가,독립/예술영화
레플리카,제프리 나흐마노프,(주)제이앤씨미디어그룹,2019-09-25,장편,미국,360,324884230,40985,"146,853,170","17,982",범죄,15세관람가,일반영화
도화선,엽위신,㈜스튜디오이쩜영,2008-06-12,장편,기타,135,223255000,40978,"72,177,000","16,684",액션,청소년관람불가,일반영화
더 포리너,마틴 캠벨,(주)더블앤조이픽쳐스,2018-02-07,장편,영국,156,328887800,40882,"104,663,500","12,820",액션,15세관람가,일반영화
와인 미라클,랜덜 밀러,롯데쇼핑㈜롯데엔터테인먼트,2008-11-13,장편,미국,109,238486628,40842,"131,494,000","22,622",코미디,15세관람가,일반영화
하트 브레이커,파스칼 쇼메유,씨너스엔터테인먼트(주),2012-04-19,장편,프랑스,176,296750000,40793,"116,697,500","14,953",코미디,15세관람가,독립/예술영화
세인트 클라우드,버 스티어스,유니버설픽쳐스인터내셔널 코리아(유),2011-01-13,장편,미국,179,304965000,40766,"126,983,500","16,310",멜로/로맨스,12세관람가,일반영화
예감은 틀리지 않는다,리테쉬 바트라,CGV아트하우스,2017-08-10,장편,영국,85,317605400,40750,"196,447,100","24,261",드라마,15세관람가,독립/예술영화
나의 촛불,"김의성,주진우",트윈플러스파트너스(주),2022-02-10,장편,한국,294,392045950,40744,"156,784,050","16,115",다큐멘터리,전체관람가,독립/예술영화
"어쩌다 공주, 닭냥이 왕자를 부탁해!",줄리앙 프루네,(주)팝엔터테인먼트,2022-09-08,장편,프랑스,306,383825280,40741,"85,869,217","9,218",애니메이션,전체관람가,독립/예술영화
나이트메어 앨리,기예르모 델 토로,월트디즈니컴퍼니코리아 유한책임회사,2022-02-23,장편,미국,461,401511820,40679,"215,415,440","21,096",범죄,15세관람가,일반영화
번 애프터 리딩,"조엘 코엔,에단 코엔",(주)성원아이컴,2009-03-26,장편,미국,52,282855905,40604,"177,681,500","24,755",코미디,청소년관람불가,일반영화
데모닉,윌 캐논,(주)와우픽쳐스,2015-06-25,장편,미국,146,308839100,40519,"97,264,200","12,197",공포(호러),15세관람가,독립/예술영화
마오의 라스트 댄서,브루스 베레스포드,(주)에스비에스콘텐츠허브,2011-04-28,장편,기타,171,284739000,40519,"144,341,000","20,208",드라마,전체관람가,독립/예술영화
모탈 컴뱃,기타,워너브러더스 코리아(주),2021-04-08,장편,미국,702,417212150,40461,"125,295,650","11,230",액션,청소년관람불가,일반영화
와사비 레옹 파트 2,제라르 크라브지크,월트디즈니코리아㈜,2003-04-11,장편,프랑스,0,0,40414,0,"15,057",액션,15세관람가,일반영화
유고와 라라: 하늘고래와 구름섬 대모험,왕운비,와이드 릴리즈(주),2015-04-09,장편,중국,222,291706400,40374,"44,318,800","5,832",애니메이션,전체관람가,독립/예술영화
코블러,토마스 맥카시,씨네그루(주)다우기술,2015-04-08,장편,미국,250,309895732,40366,"119,286,032","15,131",판타지,15세관람가,독립/예술영화
이모티: 더 무비,토니 레온디스,소니픽쳐스엔터테인먼트코리아주식회사극장배급지점,2017-08-02,장편,미국,134,288871700,40221,"94,316,600","12,576",애니메이션,전체관람가,일반영화
"웰컴, 삼바","올리비에르 나카체,에릭 토레다노",(주)이수C&E,2015-02-18,장편,프랑스,252,324426800,40214,"161,085,800","19,338",코미디,15세관람가,독립/예술영화
G-포스: 기니피그 특공대,호이트 예이트만,한국소니픽쳐스릴리징브에나비스타영화㈜,2010-04-22,장편,미국,80,412084900,40161,"124,918,000","11,835",가족,전체관람가,일반영화
극장판 소드 아트 온라인 -프로그레시브- 별 없는 밤의 아리아,카와노 아야코,(주)애니플러스,2021-12-09,장편,일본,110,426317000,40128,"132,839,000","12,308",애니메이션,12세관람가,일반영화
아델라인 : 멈춰진 시간,리 톨랜드 크리거,(주)쇼박스,2015-10-15,장편,미국,239,310087419,40096,"133,252,619","16,730",판타지,12세관람가,일반영화
누들,아일레트 메나헤미,프리비젼엔터테인먼트,2008-08-14,장편,기타,11,269604449,40094,"173,873,500","24,631",드라마,전체관람가,독립/예술영화
토마스와 친구들 - 극장판,스티브 애스퀴스,(주)코카반,2009-04-09,장편,영국,67,235596482,40058,"82,598,500","14,013",애니메이션,전체관람가,일반영화
주전장,미키 데자키,(주)시네마달,2019-07-25,장편,미국,56,309776090,40026,"189,778,190","22,655",다큐멘터리,전체관람가,독립/예술영화
샤크보이와 라바걸의 모험 : 3-D,로버트 로드리게즈,소니픽쳐스릴리징코리아,2005-07-21,장편,미국,0,0,39943,0,"10,041",SF,전체관람가,일반영화
훈장과 악동들,김봉곤,어뮤즈,2011-10-27,장편,한국,14,213784000,39916,"15,581,000","2,557",다큐멘터리,전체관람가,독립/예술영화
잘 알지도 못하면서,홍상수,(주)스폰지이엔티,2009-05-14,장편,한국,28,276548483,39914,"193,586,500","27,445",드라마,청소년관람불가,독립/예술영화
세이프 헤이븐,라세 할스트롬,(주)팝엔터테인먼트,2013-11-06,장편,미국,133,281331000,39731,"126,212,500","16,937",멜로/로맨스,15세관람가,독립/예술영화
스테이,마크 포스터,이십세기폭스필름코퍼레이션,2005-11-03,장편,미국,0,0,39600,0,"13,300",드라마,15세관람가,일반영화
노다메 칸타빌레 최종악장,"카와무라 야스히로,타케우치 히데키",(주)미로비젼,2011-01-13,장편,일본,31,289590500,39585,"155,040,500","20,730",드라마,12세관람가,독립/예술영화
인피니트 콘서트 세컨드 인베이전 에볼루션 더 무비 3D,손석,골든타이드픽처스(주),2012-10-18,장편,한국,84,412379000,39577,"150,487,000","13,834",공연,전체관람가,일반영화
스위밍 풀,프랑수아 오종,코리아픽쳐스(주),2003-08-22,장편,프랑스,0,0,39500,0,"27,000",드라마,청소년관람불가,독립/예술영화
리스타트,조 카나한,(주)넥스트엔터테인먼트월드(NEW),2021-03-11,장편,미국,529,353392620,39472,"91,018,710","10,080",액션,15세관람가,일반영화
신데렐라 2: 마법에 걸린 왕자,앨리스 블레하트,(주)박수엔터테인먼트,2021-12-22,장편,미국,355,344459120,39401,"61,392,630","7,126",애니메이션,전체관람가,일반영화
스트리트 댄스 2: 라틴배틀,"맥스 기와,다니아 파스퀴니",판씨네마(주),2012-07-12,장편,영국,133,281712000,39394,"108,192,500","14,250",드라마,12세관람가,일반영화
그날 본 꽃의 이름을 우리는 아직 모른다,나가이 타츠유키,(주)박수엔터테인먼트,2014-02-20,장편,일본,49,281962500,39349,"109,130,100","14,765",애니메이션,12세관람가,독립/예술영화
그레이브 인카운터,더 비셔우스 브라더스,(주)팝엔터테인먼트,2012-08-01,장편,기타,63,277970000,39266,"89,133,500","11,900",공포(호러),15세관람가,일반영화
프란치스코 교황 : 맨 오브 히스 워드,빔 벤더스,㈜영화사 백두대간,2019-11-21,장편,기타,54,286887260,39247,"59,812,980","7,462",다큐멘터리,전체관람가,독립/예술영화
아이즈 온 미 : 더 무비,박재석,씨제이포디플렉스 주식회사,2020-06-10,장편,한국,124,506274000,39228,"202,248,500","15,630",공연,전체관람가,일반영화
꽃다발 같은 사랑을 했다,도이 노부히로,(주)리틀빅픽쳐스,2021-07-14,장편,일본,198,371142810,39108,"197,457,340","20,858",멜로/로맨스,12세관람가,독립/예술영화
비상,임유철,(주)이모션픽처스,2006-12-14,장편,한국,0,0,39072,0,"13,549",다큐멘터리,전체관람가,독립/예술영화
애프터 양,코고나다,(주)영화특별시에스엠씨,2022-06-01,장편,미국,161,376714390,38968,"265,748,400","27,132",드라마,전체관람가,독립/예술영화
레이디킬러,"조엘 코엔,에단 코엔",한국소니픽쳐스릴리징브에나비스타영화㈜,2004-06-04,장편,미국,0,0,38883,0,"32,177",코미디,15세관람가,일반영화
탑 블레이드 더 무비,"야스미 테츠오,카와세 토시후미",롯데쇼핑㈜롯데엔터테인먼트,2009-01-15,장편,일본,117,231309430,38862,"68,710,000","11,048",애니메이션,전체관람가,일반영화
메기,이옥섭,(주)엣나인필름,2019-09-26,장편,한국,155,328164828,38853,"224,012,708","25,033",미스터리,15세관람가,독립/예술영화
"고흐, 영원의 문에서",줄리언 슈나벨,(주)팝엔터테인먼트,2019-12-26,장편,미국,68,316162730,38816,"194,833,310","22,416",드라마,12세관람가,독립/예술영화
아이리시맨,마틴 스코세이지,판씨네마(주),2019-11-20,장편,미국,68,321184080,38739,"234,789,880","27,377",범죄,청소년관람불가,독립/예술영화
동급생,나카무라 쇼코,(주)박수엔터테인먼트,2016-05-19,장편,일본,100,280704500,38706,"125,103,000","17,010",애니메이션,15세관람가,독립/예술영화
구구는 고양이다,이누도 잇신,(주)씨제이이엔엠,2008-10-16,장편,일본,11,263199962,38658,"208,664,500","30,144",코미디,전체관람가,독립/예술영화
말하는 건축가,정재은,(주)두타연,2012-03-08,장편,한국,20,301773700,38653,"256,114,700","31,557",다큐멘터리,전체관람가,독립/예술영화
내일을 위한 시간,"장 피에르 다르덴,뤽 다르덴",그린나래미디어(주),2015-01-01,장편,기타,44,309481800,38558,"201,827,100","24,489",드라마,12세관람가,독립/예술영화
끝과 시작,민규동,롯데쇼핑㈜롯데엔터테인먼트,2013-04-04,장편,한국,185,272411000,38432,"99,712,000","13,958",멜로/로맨스,청소년관람불가,독립/예술영화
자유의 언덕,홍상수,(주)영화제작전원사,2014-09-04,장편,한국,46,309767827,38313,"227,720,427","27,243",드라마,청소년관람불가,독립/예술영화
나의 그리스식 웨딩 2,커크 존스,(주)이수C&E,2016-03-30,장편,미국,327,288215300,38305,"119,864,600","15,488",코미디,15세관람가,일반영화
몬스터 파크,안드레스 코투리어,(주)박수엔터테인먼트,2019-01-23,장편,영국,344,275767940,38262,"45,619,200","5,733",애니메이션,전체관람가,독립/예술영화
펀치레이디,강효진,(주)프라임엔터테인먼트,2007-10-25,장편,한국,0,0,38254,0,"13,502",드라마,15세관람가,일반영화
정글번치: 너구리 해적단과 보물지도,에즈라 와이즈,(주)팝엔터테인먼트,2015-06-25,장편,프랑스,247,272076100,38219,"54,021,900","7,115",애니메이션,전체관람가,독립/예술영화
트릭,이창열,(주)스톰픽쳐스코리아,2016-07-13,장편,한국,390,297315300,38155,"81,827,800","10,355",스릴러,15세관람가,일반영화
신은 죽지 않았다,해롤드 크론크,주식회사 마운틴픽쳐스,2015-04-16,장편,미국,137,281738000,38149,"132,123,600","17,134",드라마,12세관람가,독립/예술영화
식코,마이클 무어,(주)스폰지이엔티,2008-04-03,장편,미국,30,245434000,38096,"143,876,500","21,287",다큐멘터리,12세관람가,독립/예술영화
다운 위드 러브,페이튼 리드,이십세기폭스필름코퍼레이션,2003-10-17,장편,미국,0,0,38000,0,"22,450",멜로/로맨스,15세관람가,일반영화
다만 악에서 구하소서 파이널컷,홍원찬,(주)씨제이이엔엠,2020-10-28,장편,한국,475,326106570,37961,"105,237,250","12,255",액션,청소년관람불가,일반영화
붉은 돼지,미야자키 하야오,브에나비스타인터내셔널,2003-12-19,장편,일본,0,0,37960,0,"17,905",애니메이션,전체관람가,독립/예술영화
흑집사 -북 오브 더 아틀란틱-,아베 노리유키,(주)박수엔터테인먼트,2017-04-13,장편,일본,94,285103000,37954,"109,963,000","14,294",애니메이션,15세관람가,일반영화
4등,정지우,(주)프레인글로벌,2016-04-13,장편,한국,213,282006700,37943,"135,412,300","17,625",드라마,15세관람가,독립/예술영화
쟈니 잉글리쉬2 : 네버다이,올리버 파커,유니버설픽쳐스인터내셔널 코리아(유),2011-11-02,장편,미국,139,269751500,37823,"84,343,000","11,160",코미디,전체관람가,일반영화
이별의 아침에 약속의 꽃을 장식하자,오카다 마리,(주)미디어캐슬,2018-07-19,장편,일본,121,321863500,37764,"108,319,700","12,465",애니메이션,12세관람가,독립/예술영화
타이밍,"민경조,박대열",(주)스톰픽쳐스코리아,2015-12-10,장편,한국,196,284085200,37711,"100,876,200","12,633",애니메이션,15세관람가,독립/예술영화
나누와 실라의 대모험,"사라 로버슨,아담 라베치",(주)프라임엔터테인먼트,2007-08-15,장편,미국,0,0,37676,0,"15,541",다큐멘터리,전체관람가,일반영화
아이,김현탁,롯데컬처웍스(주)롯데엔터테인먼트,2021-02-10,장편,한국,504,297568920,37637,"86,982,010","13,897",드라마,15세관람가,일반영화
슈퍼노바 지구 탈출기,캘런 브런커,(주)영화사 빅,2014-02-13,장편,미국,230,245845000,37547,"76,691,000","10,810",애니메이션,전체관람가,일반영화
다시 태어나도 우리,"문창용,전진",(주)엣나인필름,2017-09-27,장편,한국,118,291521943,37449,"199,073,143","24,398",다큐멘터리,전체관람가,독립/예술영화
정글번치: 최강 악당의 등장,다비드 알로,(주)팝엔터테인먼트,2018-04-19,장편,프랑스,331,292593700,37343,"56,514,500","6,729",애니메이션,전체관람가,독립/예술영화
하이큐!! 승자와 패자,미츠나카 스스무,(주)이수C&E,2016-12-28,장편,일본,103,264399000,37329,"85,233,000","11,281",애니메이션,12세관람가,일반영화
다키스트 아워,조 라이트,유니버설픽쳐스인터내셔널 코리아(유),2018-01-17,장편,영국,233,282157800,37300,"203,748,900","26,613",드라마,12세관람가,독립/예술영화
"조제, 호랑이 그리고 물고기들",이누도 잇신,(주)디스테이션,2004-10-29,장편,일본,0,0,37258,0,"27,240",드라마,청소년관람불가,독립/예술영화
툴리,제이슨 라이트맨,(주)리틀빅픽쳐스,2018-11-22,장편,기타,161,302483000,37241,"152,202,000","18,324",드라마,15세관람가,일반영화
레미니센스,리사 조이,워너브러더스 코리아(주),2021-08-25,장편,미국,548,343858500,37227,"129,766,120","13,112",SF,12세관람가,일반영화
추억의 마니,요네바야시 히로마사,(주)이수C&E,2015-03-19,장편,일본,242,284458700,37182,"128,028,100","15,878",애니메이션,전체관람가,독립/예술영화
사이드 이펙트,스티븐 소더버그,롯데쇼핑㈜롯데엔터테인먼트,2013-07-11,장편,미국,172,258658000,37134,"107,991,000","15,206",스릴러,청소년관람불가,일반영화
폭풍우 치는 밤에: 비밀 친구,아미노 테츠로,(주)마인스 엔터테인먼트,2013-05-01,장편,일본,231,241928500,37112,"53,368,500","7,751",애니메이션,전체관람가,일반영화
히 러브스 미... 히 러브스 미 낫,기타,에이라인,2003-02-14,장편,프랑스,0,0,37100,0,"22,700",멜로/로맨스,15세관람가,일반영화
옥희의 영화,홍상수,(주)스폰지이엔티,2010-09-16,장편,한국,21,285316525,37086,"234,210,900","30,282",드라마,청소년관람불가,독립/예술영화
야구소녀,최윤태,(주)싸이더스,2020-06-18,장편,한국,264,316405720,36986,"177,574,260","19,840",드라마,12세관람가,독립/예술영화
애프터: 그 후,로저 컴블,판씨네마(주),2020-10-07,장편,미국,420,304956040,36962,"102,372,690","12,502",멜로/로맨스,15세관람가,일반영화
서바이빙 크리스마스,마이크 미첼,(주)씨제이이엔엠,2004-12-24,장편,미국,0,0,36875,0,"12,999",코미디,12세관람가,일반영화
에코 플래닛 3D : 지구 구출 특급 대작전,콤핀 켐군니르드,(주)인벤트스톤,2013-10-09,장편,기타,183,231294000,36811,"55,041,000","8,456",애니메이션,전체관람가,독립/예술영화
파가니니: 악마의 바이올리니스트,버나드 로즈,씨너스엔터테인먼트(주),2014-04-23,장편,독일,100,270820700,36808,"150,464,500","20,058",드라마,15세관람가,독립/예술영화
백프로,김명균,(주)마인스 엔터테인먼트,2014-04-03,장편,한국,236,275138600,36792,"85,867,400","10,664",코미디,15세관람가,일반영화
반딧불이 딘딘,등위봉,(주)박수엔터테인먼트,2018-02-22,장편,중국,303,259903900,36737,"30,153,300","4,068",애니메이션,전체관람가,독립/예술영화
언더월드: 라이칸의 반란,패트릭 타투포우로스,한국소니픽쳐스릴리징브에나비스타영화㈜,2009-09-03,장편,미국,49,273265789,36737,"56,874,000","7,117",판타지,청소년관람불가,일반영화
극장판 썬더일레븐 GO VS 골판지 전사 W,미야오 요시카즈,(주)씨제이이엔엠,2013-06-05,장편,일본,99,240929500,36492,"51,073,500","7,400",애니메이션,전체관람가,일반영화
스노든,올리버 스톤,(주)리틀빅픽쳐스,2017-02-09,장편,프랑스,278,295958562,36485,"140,562,462","16,913",스릴러,15세관람가,독립/예술영화
가필드 펫 포스 3D,마크 A.Z. 디페,(주)화앤담이엔티,2011-01-27,장편,미국,69,385817000,36420,"104,405,000","9,651",애니메이션,전체관람가,일반영화
반교: 디텐션,존 쉬,(주)팝엔터테인먼트,2020-08-13,장편,기타,128,326377250,36405,"113,302,160","12,886",공포(호러),15세관람가,독립/예술영화
다크 하우스,대런 린 보우즈만,(주)스톰픽쳐스코리아,2017-06-22,장편,미국,278,295604100,36350,"84,423,800","9,959",공포(호러),청소년관람불가,독립/예술영화
민스미트 작전,존 매든,(주)스튜디오 산타클로스엔터테인먼트,2022-05-11,장편,미국,459,339811980,36313,"146,490,140","16,176",드라마,12세관람가,일반영화
벅스 프렌즈,딩 스,(주)스톰픽쳐스코리아,2018-06-06,장편,중국,262,278391600,36308,"50,122,200","6,065",애니메이션,전체관람가,독립/예술영화
갓파 쿠와 여름방학을,하라 케이이치,(주)디스테이션,2008-06-26,장편,일본,21,213401500,36274,"110,800,500","17,741",애니메이션,전체관람가,독립/예술영화
건파우더 밀크셰이크,나봇 파푸샤도,(주)씨제이이엔엠,2021-09-08,장편,프랑스,542,315397350,36265,"118,437,900","14,632",액션,청소년관람불가,일반영화
콜 오브 와일드,크리스 샌더스,월트디즈니컴퍼니코리아 유한책임회사,2020-05-14,장편,미국,505,306118500,36245,"92,427,680","10,807",어드벤처,12세관람가,일반영화
어나더 라운드,토마스 빈터베르그,(주)엣나인필름,2022-01-19,장편,기타,175,335050390,36126,"229,012,370","24,357",코미디,15세관람가,독립/예술영화
더 스토리: 세상에 숨겨진 사랑,"브라이언 클러그만,리 스턴탈",(주)에스비에스콘텐츠허브,2012-12-06,장편,미국,103,261313500,36068,"164,054,500","22,287",드라마,15세관람가,독립/예술영화
령 : 저주받은 사진,아사토 마리,(주)스톰픽쳐스코리아,2015-06-04,장편,일본,253,273761253,35984,"46,413,753","5,797",공포(호러),15세관람가,일반영화
마법의 세계 녹터나,"아드리아 가르시아,빅터 말도나도",롯데쇼핑㈜롯데엔터테인먼트,2009-08-27,장편,기타,151,235400047,35959,"60,705,500","8,385",애니메이션,전체관람가,일반영화
스타스키와 허치,토드 필립스,한국소니픽쳐스릴리징브에나비스타영화㈜,2004-04-30,장편,미국,0,0,35908,0,"21,503",액션,12세관람가,일반영화
한여름의 판타지아,장건재,㈜인디스토리,2015-06-11,장편,한국,46,278925458,35907,"192,802,758","24,072",드라마,전체관람가,독립/예술영화
드래곤볼 슈퍼: 브로리,나가미네 타츠야,(주)이수C&E,2019-02-14,장편,일본,202,305497430,35869,"118,464,760","13,226",애니메이션,전체관람가,일반영화
에스엠타운 더 스테이지,배성상,주식회사 디에스이이디,2015-08-13,장편,한국,65,284650500,35857,"178,037,700","21,777",다큐멘터리,전체관람가,일반영화
반지의 제왕 : 반지원정대 (확장판),피터 잭슨,(주)디스테이션,2017-01-11,장편,기타,74,470027900,35758,"214,815,000","16,464",판타지,12세관람가,일반영화
지구대표 롤링스타즈,임상준,롯데쇼핑㈜롯데엔터테인먼트,2011-03-24,장편,한국,171,230047000,35578,"62,867,000","9,155",애니메이션,전체관람가,일반영화
파워배틀 와치카 미니카 배틀리그: 불꽃의 질주,이영준,(주)삼지애니메이션,2016-08-17,장편,한국,170,270014820,35569,"45,551,700","5,657",애니메이션,전체관람가,독립/예술영화
"미안해요, 리키",켄 로치,(주)영화사 진진,2019-12-19,장편,프랑스,69,281591580,35519,"186,480,660","22,204",드라마,12세관람가,독립/예술영화
빌리와 용감한 녀석들: 치킨 히어로,"가브리엘 리바 팔라시오 알라트리스테,로돌포 리바 팔라시오 알라트리스테",(주)박수엔터테인먼트,2016-02-17,장편,미국,241,248003600,35517,"56,138,700","7,673",애니메이션,전체관람가,독립/예술영화
스파키,"아론 우들리,애론 우들리",예지림엔터테인먼트,2018-04-12,장편,한국,312,257040200,35436,"41,353,300","5,315",애니메이션,전체관람가,일반영화
잠깐만 회사 좀 관두고 올게,나루시마 이즈루,(주)이수C&E,2017-10-19,장편,일본,271,279455400,35429,"129,589,300","16,042",드라마,12세관람가,독립/예술영화
인게이지먼트,장 피에르 주네,워너브러더스 코리아(주),2005-03-11,장편,프랑스,0,0,35400,0,"20,100",드라마,15세관람가,일반영화
비투스,프레디 M 뮤러,이미지팩토리,2008-04-09,장편,기타,8,231058500,35354,"156,036,000","23,341",드라마,전체관람가,독립/예술영화
문라이즈 킹덤,웨스 앤더슨,(주)영화사 진진,2013-01-31,장편,미국,34,275919300,35328,"231,310,300","28,598",코미디,15세관람가,독립/예술영화
브루클린의 멋진 주말,리차드 론크레인,(주)영화사 진진,2016-01-21,장편,미국,103,264523800,35318,"154,872,100","19,897",드라마,12세관람가,독립/예술영화
우리의 20세기,마이크 밀스,그린나래미디어(주),2017-09-27,장편,미국,98,287148600,35296,"198,335,400","23,503",드라마,15세관람가,독립/예술영화
세 번째 살인,고레에다 히로카즈,(주)티캐스트,2017-12-14,장편,일본,119,287360000,35271,"193,712,800","22,936",스릴러,15세관람가,독립/예술영화
어른들은 몰라요,이환,(주)리틀빅픽쳐스,2021-04-15,장편,한국,209,340307750,35264,"105,098,400","11,459",드라마,청소년관람불가,독립/예술영화
위핏,드류 베리모어,롯데쇼핑㈜롯데엔터테인먼트,2010-02-18,장편,미국,124,225133182,35241,"60,210,000","8,993",드라마,12세관람가,일반영화
처음 본 그녀에게 프로포즈하기,마이클 이안 블랙,롯데쇼핑㈜롯데엔터테인먼트,2009-09-09,장편,미국,169,257847427,35213,"82,756,500","10,815",코미디,15세관람가,일반영화
배니싱: 미제사건,드니 데르쿠르,(주)스튜디오 산타클로스엔터테인먼트,2022-03-30,장편,프랑스,561,301323110,35144,"112,804,810","13,463",범죄,15세관람가,일반영화
은혼 더 파이널,기타,워터홀컴퍼니(주),2021-07-22,장편,일본,170,337548850,35126,"121,215,400","12,000",애니메이션,15세관람가,일반영화
엘르,폴 버호벤,소니픽쳐스엔터테인먼트코리아주식회사극장배급지점,2017-06-15,장편,프랑스,56,276952100,35122,"167,650,500","20,740",드라마,청소년관람불가,독립/예술영화
키코리키: 황금모자의 비밀,데니스 체르노프,(주)영화사 빅,2017-01-25,장편,기타,211,248074100,35111,"64,335,100","8,090",애니메이션,전체관람가,독립/예술영화
최후의 만찬,손영호,아우라엔터테인먼트,2003-11-14,장편,한국,0,0,35000,0,"9,863",코미디,15세관람가,일반영화
"그 시절, 우리가 좋아했던 소녀",구파도,(주)이놀미디어,2012-08-22,장편,기타,113,248335570,34995,"155,256,070","21,563",멜로/로맨스,15세관람가,독립/예술영화
임피 원더랜드 가다,"라인하르트 클루스,호거 태프",씨제이 씨지브이(CJ CGV)(주),2009-06-11,장편,독일,64,214695202,34995,"62,125,500","9,657",애니메이션,전체관람가,일반영화
드래곤 헌터,"기욤 이베르넬,아르튀르 크왁",롯데쇼핑㈜롯데엔터테인먼트,2013-01-24,장편,프랑스,105,219090000,34984,"60,662,000","9,393",애니메이션,전체관람가,일반영화
피터와 모글리의 크리스마스 어드벤처,타파스 차크라바르티,(주)팝엔터테인먼트,2017-11-23,장편,기타,250,241351800,34899,"34,577,800","4,409",애니메이션,전체관람가,독립/예술영화
"오늘 밤, 로맨스 극장에서",타케우치 히데키,(주)디스테이션,2018-07-11,장편,일본,155,294851000,34897,"127,717,400","14,531",판타지,전체관람가,독립/예술영화
몬스터 왕국,에스벤 토프트 야콥슨,씨너스엔터테인먼트(주),2014-05-01,장편,기타,160,237248600,34888,"47,223,000","6,509",애니메이션,전체관람가,일반영화
뒤틀린 집,강동헌,(주)스튜디오디에이치엘,2022-07-13,장편,한국,156,331549100,34886,"80,178,500","9,073",공포(호러),15세관람가,일반영화
누구의 딸도 아닌 해원,홍상수,(주)영화제작전원사,2013-02-28,장편,한국,35,268878400,34876,"211,655,900","26,400",드라마,청소년관람불가,독립/예술영화
펭귄 하이웨이,이시다 히로야스,(주)넥스트엔터테인먼트월드(NEW),2018-10-18,장편,일본,338,276934100,34795,"105,306,600","12,079",애니메이션,전체관람가,독립/예술영화
안도 타다오,미즈노 시게노리,(주)영화사 진진,2019-04-25,장편,일본,49,285051985,34747,"204,076,185","23,721",다큐멘터리,전체관람가,독립/예술영화
뫼비우스,김기덕,(주)넥스트엔터테인먼트월드(NEW),2013-09-05,장편,한국,128,250644579,34740,"112,900,079","14,992",드라마,청소년관람불가,독립/예술영화
더 헌트,토마스 빈터베르그,(주)엣나인필름,2013-01-24,장편,기타,37,263329000,34724,"212,893,500","27,204",드라마,15세관람가,독립/예술영화
서태지밴드 라이브 투어 <더 뫼비우스>,서태지,(주)서태지컴퍼니,2010-05-21,장편,한국,1,259638481,34688,"229,238,000","30,278",다큐멘터리,전체관람가,독립/예술영화
하비의 마지막 로맨스,조엘 홉킨스,(주)영화사 진진,2010-10-28,장편,미국,41,251907697,34670,"172,433,500","23,192",멜로/로맨스,12세관람가,독립/예술영화
빠삐용,마이클 노어,(주)드림팩트엔터테인먼트,2019-02-27,장편,미국,191,275814950,34638,"104,659,580","12,996",범죄,15세관람가,독립/예술영화
음모자,로버트 레드포드,판씨네마(주),2011-06-30,장편,미국,35,263503000,34625,"142,495,500","18,107",드라마,12세관람가,독립/예술영화
녹터널 애니멀스,톰 포드,유니버설픽쳐스인터내셔널 코리아(유),2017-01-11,장편,미국,219,284555179,34616,"175,748,079","20,648",드라마,청소년관람불가,독립/예술영화
신은 죽지 않았다 2,해롤드 크론크,(주)에스와이코마드,2016-04-07,장편,미국,96,249592600,34584,"104,715,400","14,701",드라마,12세관람가,독립/예술영화
파운더,존 리 행콕,CGV아트하우스,2017-04-20,장편,미국,288,274920900,34517,"147,735,300","17,982",드라마,15세관람가,독립/예술영화
아무도 모른다,고레에다 히로카즈,(주)디스테이션,2005-04-01,장편,일본,0,0,34515,0,"26,649",드라마,전체관람가,독립/예술영화
필로미나의 기적,스티븐 프리어스,씨네그루(주)다우기술,2014-04-16,장편,영국,194,249884600,34501,"129,139,100","17,081",드라마,12세관람가,독립/예술영화
극장판 레이디버그: 미라클스톤의 비밀,토마스 아스트뤽,(주)삼지애니메이션,2018-01-25,장편,프랑스,305,254692500,34466,"58,311,300","7,317",애니메이션,전체관람가,일반영화
핑크 팬더,숀 레비,이십세기폭스코리아(주),2006-04-13,장편,미국,0,0,34450,0,"9,850",코미디,12세관람가,일반영화
우리 학교,김명준,(주)영화사 진진,2007-03-29,장편,한국,0,0,34439,0,"25,734",다큐멘터리,전체관람가,독립/예술영화
태양의 노래,코이즈미 노리히로,와이드 릴리즈(주),2007-02-22,장편,일본,0,0,34427,0,"16,094",드라마,전체관람가,독립/예술영화
고독이 몸부림칠 때,이수인,(주)쇼박스,2004-03-19,장편,한국,0,0,34349,0,"13,459",코미디,15세관람가,일반영화
"헤일, 시저!","에단 코엔,조엘 코엔",유니버설픽쳐스인터내셔널 코리아(유),2016-03-24,장편,미국,253,271122300,34295,"156,527,000","19,272",코미디,12세관람가,독립/예술영화
아이 엠 러브,루카 구아다그니노,(주)영화사 진진,2011-01-20,장편,기타,14,271649000,34269,"218,532,500","27,161",드라마,청소년관람불가,독립/예술영화
봄날,이돈구,(주)콘텐츠판다,2022-04-27,장편,한국,455,239876830,34236,"92,407,970","15,878",드라마,15세관람가,독립/예술영화
더 플랜,최진성,(주)엣나인필름,2017-04-20,장편,한국,156,263526895,34225,"126,773,395","16,124",다큐멘터리,15세관람가,독립/예술영화
뱅드림! 필름 라이브 세컨드 스테이지,우메츠 토모미,(주)애니플러스,2021-11-18,장편,일본,93,345069440,34202,"143,426,510","13,369",애니메이션,전체관람가,일반영화
7번째 내가 죽던 날,라이 루소 영,(주)키다리이엔티,2017-05-31,장편,미국,230,259877400,34184,"80,398,600","10,255",드라마,15세관람가,독립/예술영화
서치 아웃,곽정,(주)스톰픽쳐스코리아,2020-04-15,장편,한국,355,297167000,34115,"64,429,740","7,283",스릴러,15세관람가,독립/예술영화
줄리 & 줄리아,노라 에프론,한국소니픽쳐스릴리징브에나비스타영화㈜,2009-12-10,장편,미국,31,255718717,34097,"203,137,000","26,576",드라마,12세관람가,일반영화
"아치의 노래, 정태춘",고영재,(주)넥스트엔터테인먼트월드(NEW),2022-05-18,장편,한국,149,323859210,34053,"123,296,650","12,574",다큐멘터리,전체관람가,독립/예술영화
피아노의 숲,코지마 마사유키,(주)에이원엔터테인먼트,2008-10-30,장편,일본,14,215145311,34012,"112,015,500","17,344",애니메이션,전체관람가,독립/예술영화
빅 웨딩,저스틴 잭햄,(주)나이너스엔터테인먼트,2013-06-27,장편,미국,166,231885500,33993,"138,156,000","20,005",멜로/로맨스,청소년관람불가,일반영화
에블린,브루스 베레스포드,태창엔터테인먼트(주),2003-06-20,장편,영국,0,0,33920,0,"16,919",드라마,전체관람가,일반영화
어메이징 메리,마크 웹,이십세기폭스코리아(주),2017-10-04,장편,미국,61,272826500,33901,"148,059,200","18,198",드라마,12세관람가,독립/예술영화
복숭아나무,구혜선,(주)넥스트엔터테인먼트월드(NEW),2012-10-31,장편,한국,201,240103112,33884,"102,086,597","13,837",멜로/로맨스,15세관람가,일반영화
"메밀꽃, 운수 좋은 날, 그리고 봄봄","안재훈,한혜진",이달투,2014-08-21,옴니버스,한국,37,220210100,33751,"96,543,000","13,552",애니메이션,전체관람가,독립/예술영화
몬스터 하우스2: 인비져블 피닉스,데니스 체르노프,(주)박수엔터테인먼트,2023-02-02,장편,기타,357,294228222,33671,"29,196,900","3,127",애니메이션,전체관람가,일반영화
스페이스 키드: 우주에서 살아남기,에릭 토스티,그린나래미디어(주),2022-12-07,장편,프랑스,290,259570350,33626,"31,005,300","3,442",애니메이션,전체관람가,독립/예술영화
오직 사랑하는 이들만이 살아남는다,짐 자무시,찬란,2014-01-09,장편,영국,38,253422443,33579,"182,213,443","23,450",드라마,15세관람가,독립/예술영화
마스터,폴 토마스 앤더슨,(주)영화사 진진,2013-07-11,장편,미국,38,256118300,33505,"200,422,300","25,404",드라마,청소년관람불가,독립/예술영화
만신,박찬경,(주)엣나인필름,2014-03-06,장편,한국,88,251863300,33481,"140,098,300","17,846",다큐멘터리,15세관람가,독립/예술영화
코난: 암흑의 시대,마커스 니스펠,(주)씨제이이엔엠,2012-04-05,장편,미국,198,257709000,33469,"82,771,500","9,981",판타지,청소년관람불가,일반영화
리틀드래곤 코코넛,"허버트 베일란드,니나 웰스",(주)영화사 빅,2015-07-02,장편,독일,209,242862400,33464,"53,646,100","7,072",애니메이션,전체관람가,독립/예술영화
배틀 오브 비보이,벤슨 리,소니픽쳐스릴리징월트디즈니스튜디오스코리아(주),2014-01-09,장편,미국,80,214900500,33360,"45,827,500","7,054",드라마,12세관람가,일반영화
몬스터 신부: 101번째 프로포즈,기타,와이드 릴리즈(주),2022-12-28,장편,기타,226,297426600,33358,"56,770,400","6,674",애니메이션,전체관람가,독립/예술영화
애프터썬,기타,그린나래미디어(주),2023-02-01,장편,영국,64,326148634,33267,"238,894,653","23,173",드라마,12세관람가,독립/예술영화
무한대를 본 남자,맷 브라운,판씨네마(주),2016-11-03,장편,영국,309,254945754,33188,"98,323,454","12,460",드라마,12세관람가,독립/예술영화
스파이더맨: 노 웨이 홈 '펀버전',존 왓츠,소니픽쳐스엔터테인먼트코리아주식회사극장배급지점,2022-10-05,장편,미국,347,363383731,33071,"127,473,305","10,974",액션,12세관람가,일반영화
"땡큐, 대디",닐스 타베니어,(주)영화사 빅,2015-04-23,장편,프랑스,252,236688561,33036,"113,845,761","15,784",드라마,전체관람가,독립/예술영화
태양 아래,비탈리 만스키,THE 픽쳐스,2016-04-27,장편,기타,120,206495400,33008,"122,464,500","21,160",다큐멘터리,전체관람가,독립/예술영화
I AM,최진성,(주)씨제이이엔엠,2012-06-21,장편,한국,137,245580000,32988,"138,838,000","17,865",다큐멘터리,전체관람가,일반영화
19-Nineteen,장용우,(주)씨제이이엔엠,2009-11-12,장편,한국,69,212293874,32986,"63,256,500","9,559",드라마,12세관람가,일반영화
카사노바,라세 할스트롬,브에나비스타인터내셔널코리아,2006-03-10,장편,미국,0,0,32904,0,"16,900",멜로/로맨스,15세관람가,일반영화
개들의 섬,웨스 앤더슨,이십세기폭스코리아(주),2018-06-21,장편,미국,121,284739300,32789,"191,546,000","21,688",코미디,12세관람가,일반영화
괴기맨숀,조바른,(주)콘텐츠판다,2021-06-30,장편,한국,131,330369600,32752,"102,253,800","10,142",공포(호러),15세관람가,일반영화
빅 위시,기타,(주)박수엔터테인먼트,2019-10-30,장편,기타,336,251990300,32684,"42,956,220","5,227",판타지,전체관람가,일반영화
킬 유어 달링,존 크로키다스,(주)영화사 진진,2014-10-16,장편,미국,93,255344020,32668,"157,205,820","19,526",드라마,청소년관람불가,독립/예술영화
시작은 키스!,"다비드 포앙키노스,스테판 포엔키노스",판씨네마(주),2012-06-14,장편,프랑스,29,250232000,32626,"205,489,000","25,948",코미디,12세관람가,독립/예술영화
바다 탐험대 옥토넛 육지수호 대작전 : 열대우림을 지켜라!,기타,와이드 릴리즈(주),2023-02-23,장편,영국,284,290132400,32590,"50,484,500","5,513",애니메이션,전체관람가,독립/예술영화
썸머 필름을 타고!,마츠모토 소우시,(주)싸이더스,2022-07-20,장편,일본,65,307797026,32532,"213,600,106","22,290",기타,전체관람가,독립/예술영화
꼬마 잠수함 올리 2,밥 두셋,예지림엔터테인먼트,2014-12-04,장편,미국,186,203435700,32453,"23,974,500","3,201",애니메이션,전체관람가,일반영화
거미줄에 걸린 소녀,페드 알바레즈,소니픽쳐스엔터테인먼트코리아주식회사극장배급지점,2018-11-28,장편,미국,313,255329200,32418,"95,966,450","11,886",액션,15세관람가,일반영화
인어공주 : 새로운 모험의 시작,아담 추,예지림엔터테인먼트,2016-11-03,장편,중국,262,243970300,32350,"38,997,300","4,628",애니메이션,전체관람가,독립/예술영화
다가오는 것들,미아 한센-로브,찬란,2016-09-29,장편,프랑스,29,258703834,32307,"207,151,834","24,821",드라마,15세관람가,독립/예술영화
대결,신동엽,(주)스톰픽쳐스코리아,2016-09-22,장편,한국,366,251176500,32278,"73,160,100","9,098",액션,15세관람가,일반영화
뮤턴트: 다크 에이지,사이먼 헌터,(주)넥스트엔터테인먼트월드(NEW),2009-01-08,장편,미국,101,219920268,32267,"67,641,000","9,343",액션,청소년관람불가,일반영화
써클,박승배,비엠,2003-11-14,장편,한국,0,0,32256,0,"13,180",스릴러,청소년관람불가,일반영화
케이-펙스,이안 소프틀리,기타,2003-09-19,장편,미국,0,0,32204,0,"15,073",판타지,12세관람가,일반영화
팔로우,데이빗 로버트 밋첼,(주)영화사오원,2015-04-02,장편,미국,197,267202743,32187,"84,573,443","9,961",공포(호러),청소년관람불가,독립/예술영화
클라우즈 오브 실스마리아,올리비에 아사야스,(주)나이너스엔터테인먼트,2014-12-18,장편,프랑스,53,254585599,32126,"197,407,399","24,311",드라마,15세관람가,독립/예술영화
위크엔드 인 파리,로저 미첼,판씨네마(주),2014-05-01,장편,영국,31,252649200,32070,"178,820,600","22,147",드라마,15세관람가,독립/예술영화
극장판 위 베어 베어스: 곰 브라더스,매니 에르난데스,(주)팝엔터테인먼트,2017-08-24,장편,미국,307,230410600,32021,"44,667,800","5,612",애니메이션,전체관람가,일반영화
두 교황,페르난도 메이렐레스,판씨네마(주),2019-12-11,장편,미국,66,245615780,31960,"172,283,800","20,817",드라마,12세관람가,독립/예술영화
너를 만난 여름,장적사,오드,2019-10-16,장편,중국,174,262940000,31888,"100,555,600","11,619",드라마,12세관람가,독립/예술영화
100일 동안 100가지로 100퍼센트 행복찾기,플로리안 데이비드 핏츠,(주)영화사 진진,2019-09-12,장편,독일,37,254458770,31866,"160,852,490","19,490",코미디,15세관람가,독립/예술영화
극장판 프리파라 모두 모여라! 프리즘☆투어즈,히시다 마사카즈,동우에이앤이(주),2016-10-13,장편,한국,157,263405900,31843,"71,055,000","8,187",애니메이션,전체관람가,독립/예술영화
극장판 유희왕 더 다크 사이드 오브 디멘션즈,쿠와바라 사토시,(주)넥스트엔터테인먼트월드(NEW),2016-06-09,장편,일본,210,253214200,31805,"82,762,300","9,804",애니메이션,전체관람가,일반영화
마이 블랭키,프란시스 닐슨,(주)마인스 엔터테인먼트,2014-06-04,장편,기타,111,219661100,31798,"32,984,500","4,461",애니메이션,전체관람가,독립/예술영화
오픈 더 도어,올가 고로데츠카야,(주)팝엔터테인먼트,2020-04-08,장편,기타,184,286702100,31760,"96,227,400","10,487",공포(호러),15세관람가,일반영화
썬키스 패밀리,김지혜,플러스엠 엔터테인먼트,2019-03-27,장편,한국,417,245549900,31742,"84,021,800","10,426",가족,15세관람가,일반영화
꼭두각시,권영락,(주)인벤트스톤,2013-06-20,장편,한국,134,227941500,31713,"37,575,000","4,982",공포(호러),청소년관람불가,일반영화
네번째 층 - 어느날 갑자기 두번째 이야기,권호영,(주)씨제이이엔엠,2006-07-27,장편,한국,0,0,31654,0,"16,480",공포(호러),15세관람가,일반영화
그랜드파더,이서,(주)인벤트스톤,2016-08-31,장편,한국,288,233692400,31640,"55,962,800","7,516",액션,청소년관람불가,독립/예술영화
서스페리아,루카 구아다니노,(주)홈초이스,2019-05-16,장편,기타,257,288130965,31618,"158,309,265","16,799",공포(호러),청소년관람불가,독립/예술영화
고백,서은영,(주)리틀빅픽쳐스,2021-02-24,장편,한국,255,226801600,31616,"64,472,700","9,636",드라마,15세관람가,독립/예술영화
동경가족,야마다 요지,오드,2014-07-31,장편,일본,45,237144500,31564,"142,091,600","18,204",가족,전체관람가,독립/예술영화
노회찬6411,민환기,(주)리틀빅픽쳐스,2021-10-14,장편,한국,154,272160000,31560,"126,224,650","15,492",다큐멘터리,12세관람가,독립/예술영화
뱅가드,당계례,(주)디스테이션,2020-12-30,장편,중국,265,265933700,31548,"64,605,900","7,759",액션,12세관람가,독립/예술영화
날나리 종부전,임원국,롯데쇼핑㈜롯데엔터테인먼트,2008-05-22,장편,한국,162,181261000,31522,"25,840,500","4,087",코미디,12세관람가,일반영화
학교 가는 길,김정인,(주)영화사 진진,2021-05-05,장편,한국,90,239464980,31467,"115,004,480","14,401",다큐멘터리,12세관람가,독립/예술영화
꼬마 니콜라의 여름방학,로랑 티라르,(주)나이너스엔터테인먼트,2014-08-21,장편,프랑스,133,218859600,31368,"84,970,800","11,793",코미디,전체관람가,독립/예술영화
소명 3 : 히말라야의 슈바이처,신현원,(주)에스피엠,2011-04-07,장편,한국,32,212483500,31265,"101,772,000","13,516",다큐멘터리,전체관람가,독립/예술영화
이노센스,오시이 마모루,(주)시네마서비스,2004-10-08,장편,일본,0,0,31249,0,"19,929",애니메이션,12세관람가,독립/예술영화
몽상가들,베르나르도 베르톨루치,찬란,2005-03-25,장편,프랑스,0,0,31211,0,"18,816",드라마,청소년관람불가,독립/예술영화
나는 부정한다,믹 잭슨,(주)티캐스트,2017-04-26,장편,영국,104,250925125,31172,"173,714,325","20,751",드라마,12세관람가,독립/예술영화
더 브레이브,"에단 코엔,조엘 코엔",(주)씨제이이엔엠,2011-02-24,장편,미국,51,240423500,31152,"174,312,500","22,354",드라마,15세관람가,일반영화
초콜렛 도넛,트래비스 파인,CGV아트하우스,2014-10-02,장편,미국,53,246408200,31101,"134,348,400","16,354",드라마,15세관람가,독립/예술영화
할로윈:살인마의 탄생,롭 좀비,(주)성원아이컴,2009-05-14,장편,미국,116,214069351,31068,"71,985,500","10,002",공포(호러),청소년관람불가,일반영화
어떤 시선,"박정범,신아가,이상철,민용근",(주)영화사 진진,2013-10-24,옴니버스,한국,28,204028800,31048,"56,865,800","7,648",드라마,12세관람가,독립/예술영화
옹박: 더 레전드,토니 자,㈜케이디미디어,2009-05-14,장편,기타,172,200763553,31042,"39,654,000","5,908",액션,15세관람가,일반영화
러브액츄얼리: 크리스마스 에디션,리차드 커티스,(주)팝엔터테인먼트,2013-12-18,장편,미국,82,236604147,31032,"183,585,647","23,753",멜로/로맨스,청소년관람불가,독립/예술영화
목숨,이창재,필라멘트픽쳐스,2014-12-04,장편,한국,97,235872600,31022,"99,672,400","12,412",다큐멘터리,12세관람가,독립/예술영화
사랑 후에 남겨진 것들,도리스 되리에,(주)영화사 진진,2009-02-19,장편,독일,5,207003786,30926,"153,019,000","22,073",드라마,청소년관람불가,독립/예술영화
몬스타엑스 : 더 드리밍,오윤동,씨제이포디플렉스 주식회사,2021-12-08,장편,한국,98,492739500,30912,"208,852,500","13,136",다큐멘터리,전체관람가,일반영화
막달라 마리아: 부활의 증인,가스 데이비스,유니버설픽쳐스인터내셔널 코리아(유),2018-03-28,장편,영국,111,214792200,30833,"99,004,200","14,257",드라마,12세관람가,일반영화
단지 세상의 끝,자비에 돌란,(주)엣나인필름,2017-01-18,장편,기타,124,242177173,30793,"174,481,073","21,079",드라마,15세관람가,독립/예술영화
네가 떨어뜨린 푸른 하늘,사이토 유키,메가박스중앙(주),2023-02-08,장편,일본,449,300531316,30715,"59,012,511","6,113",멜로/로맨스,12세관람가,일반영화
"좋아해, 너를",이마이즈미 리키야,(주)디오시네마,2017-09-14,장편,일본,101,265102800,30714,"133,168,800","14,983",드라마,12세관람가,독립/예술영화
앵그리스트 맨,필 알덴 로빈슨,브릿지웍스 엔터테인먼트(주),2014-10-30,장편,미국,181,229523200,30656,"92,953,100","11,982",드라마,15세관람가,독립/예술영화
블루스톰,존 스톡웰,이십세기폭스필름코퍼레이션,2005-11-17,장편,미국,0,0,30600,0,"11,000",액션,15세관람가,일반영화
다른나라에서,홍상수,(주)영화제작전원사,2012-05-31,장편,한국,35,237013700,30590,"194,437,200","24,160",드라마,청소년관람불가,독립/예술영화
돼지코 아기공룡 임피의 모험,"호거 태프,라인하르트 클루스",(유)마스엔터테인먼트코리아,2008-06-26,장편,독일,50,171778500,30561,"51,231,500","8,927",애니메이션,전체관람가,일반영화
언노운 우먼,쥬세페 토르나토레,(주)씨제이이엔엠,2009-07-01,장편,기타,20,231619564,30545,"218,970,000","28,521",드라마,청소년관람불가,독립/예술영화
신밧드와 마법 양탄자,카스텐 킬러리치,(주)박수엔터테인먼트,2019-02-13,장편,기타,258,204586840,30534,"30,278,800","4,135",애니메이션,전체관람가,일반영화
쿠보와 전설의 악기,트래비스 나이트,유니버설픽쳐스인터내셔널 코리아(유),2016-10-26,장편,미국,100,208824862,30525,"50,556,862","6,969",애니메이션,전체관람가,일반영화
아야와 마녀,미야자키 고로,(주)리틀빅픽쳐스,2021-06-10,장편,일본,362,249833620,30519,"69,295,080","8,647",애니메이션,전체관람가,일반영화
스노우타임,장 프랑소아 풀리오,(주)영화사 빅,2016-12-15,장편,기타,259,217620400,30467,"50,692,600","6,359",애니메이션,전체관람가,독립/예술영화
바르다가 사랑한 얼굴들,"아녜스 바르다,제이알",(주)영화사 진진,2018-06-14,장편,프랑스,53,245996534,30392,"185,080,134","21,833",다큐멘터리,전체관람가,독립/예술영화
에로스,"왕가위,스티븐 소더버그,미켈란젤로 안토니오니",스폰지,2005-06-30,장편,미국,0,0,30389,0,"21,693",드라마,청소년관람불가,독립/예술영화
벨 아미,"데클란 도넬란,닉 오머로드",(주)에스비에스콘텐츠허브,2012-08-30,장편,영국,103,213966000,30373,"85,646,000","11,530",드라마,청소년관람불가,일반영화
반지의 제왕 : 왕의 귀환 (확장판),피터 잭슨,(주)디스테이션,2017-01-25,장편,기타,56,370268000,30349,"180,104,400","14,774",판타지,12세관람가,일반영화
더 메뉴,마크 미로드,월트디즈니컴퍼니코리아 유한책임회사,2022-12-07,장편,미국,177,314722700,30326,"151,328,300","14,169",스릴러,15세관람가,일반영화
마인드스케이프,호르헤 도라도,오퍼스픽쳐스(유),2014-10-23,장편,기타,199,220476900,30257,"86,052,200","11,231",스릴러,15세관람가,일반영화
클리포드 더 빅 레드 독,월트 벡커,롯데컬처웍스(주)롯데엔터테인먼트,2022-01-12,장편,미국,356,267143090,30248,"74,362,200","8,481",어드벤처,전체관람가,일반영화
드라이브 앵그리 3D,패트릭 루지어,롯데쇼핑㈜롯데엔터테인먼트,2011-08-25,장편,미국,160,252405500,30221,"80,068,000","8,769",액션,청소년관람불가,일반영화
지구: 놀라운 하루,"범립흔,피터 웨버",(주)리틀빅픽쳐스,2018-02-22,장편,영국,231,229998100,30200,"78,611,500","9,765",다큐멘터리,전체관람가,독립/예술영화
러스트 앤 본,자크 오디아르,그린나래미디어(주),2013-05-02,장편,프랑스,37,228578900,30193,"158,551,900","20,118",멜로/로맨스,청소년관람불가,독립/예술영화
"나의 사랑, 그리스",크리스토퍼 파파칼리아티스,(주)팝엔터테인먼트,2017-04-20,장편,기타,123,241875000,30181,"151,997,100","18,236",드라마,15세관람가,독립/예술영화
지골로 인 뉴욕,존 터투로,(주)나이너스엔터테인먼트,2014-09-25,장편,미국,234,226048755,30140,"115,151,955","14,862",멜로/로맨스,청소년관람불가,독립/예술영화
전차남,무라카미 마사노리,(주)엠케이픽처스,2006-09-07,장편,일본,0,0,30131,0,"12,855",멜로/로맨스,12세관람가,일반영화
극장판 나루토 질풍전: 로드 투 닌자,하야토 다테,씨너스엔터테인먼트(주),2013-02-21,장편,일본,72,200250500,30117,"67,219,000","9,572",애니메이션,전체관람가,일반영화
더 길티,구스타브 몰러,(주)팝엔터테인먼트,2019-03-27,장편,기타,108,251886700,30110,"111,680,800","12,872",스릴러,12세관람가,독립/예술영화
나루토 질풍전 극장판-불의 의지를 잇는 자,사토 마사히코,에이원엔터테인먼트,2009-10-22,장편,일본,67,190809329,30053,"52,869,000","7,863",애니메이션,전체관람가,일반영화
체실 비치에서,도미닉 쿡,그린나래미디어(주),2018-09-20,장편,영국,54,256267223,29992,"158,788,723","18,180",드라마,15세관람가,독립/예술영화
행복배달부 팻아저씨,마이크 디사,(주)영화사 빅,2014-10-09,장편,영국,162,210268100,29906,"57,193,700","7,906",애니메이션,전체관람가,독립/예술영화
테일 오브 테일즈,마테오 가로네,오드,2016-11-24,장편,기타,102,234331200,29891,"155,458,000","19,500",판타지,청소년관람불가,독립/예술영화
브레이브 스토리,치기라 코이치,예지림엔터테인먼트,2008-03-20,장편,일본,49,179083500,29887,"46,472,000","7,824",애니메이션,전체관람가,일반영화
톰보이,셀린 시아마,(주)영화특별시에스엠씨,2020-05-14,장편,프랑스,361,268477620,29879,"162,943,780","17,293",드라마,12세관람가,독립/예술영화
그레이 맨,"안소니 루소,조 루소",씨제이 씨지브이(CJ CGV)(주),2022-07-13,장편,미국,220,277286160,29844,"120,944,100","13,275",액션,15세관람가,일반영화
33,패트리시아 리건,(주)나이너스엔터테인먼트,2016-04-07,장편,미국,320,228351400,29728,"68,233,700","8,707",드라마,12세관람가,일반영화
루터,에릭 틸,THE 픽쳐스,2017-10-18,장편,독일,94,205455300,29710,"98,473,100","14,270",드라마,12세관람가,독립/예술영화
소명 2-모겐족의 월드컵,신현원,(주)에스피엠,2010-04-01,장편,한국,62,200488795,29694,"84,376,000","12,183",다큐멘터리,전체관람가,독립/예술영화
내 인생의 마지막 변화구,로버트 로렌즈,워너브러더스 코리아(주),2012-11-29,장편,미국,130,208654500,29648,"110,680,000","14,967",드라마,12세관람가,일반영화
극장판 바다 탐험대 옥토넛 : 불의 고리 대폭발,기타,주식회사 컨텐츠썬,2021-04-28,장편,영국,183,242917500,29610,"52,755,100","6,177",애니메이션,전체관람가,일반영화
루비 스팍스,"조나단 데이턴,발레리 페리스",(주)팝엔터테인먼트,2018-05-10,장편,미국,149,260261400,29552,"113,687,700","12,577",코미디,15세관람가,독립/예술영화
"하이, 젝시","존 루카스,스콧 무어",(주)홈초이스,2020-02-19,장편,미국,205,227794500,29492,"92,332,000","12,136",코미디,15세관람가,일반영화
춘희막이,박혁지,플러스엠 엔터테인먼트,2015-09-30,장편,한국,268,205281965,29473,"94,836,265","13,247",다큐멘터리,12세관람가,독립/예술영화
북클럽,빌 홀더먼,(주)영화사 진진,2019-06-20,장편,미국,73,217597690,29453,"140,742,210","18,448",코미디,15세관람가,독립/예술영화
너브,"헨리 유스트,아리엘 슐만",(주)박수엔터테인먼트,2017-01-11,장편,미국,151,239275800,29441,"67,132,300","8,103",어드벤처,15세관람가,일반영화
극장판 윌벤져스 : 수상한 캠핑 대소동,"신창환,류정우",(주)대교 미디어콘텐츠사업본부,2022-06-23,장편,한국,110,293037800,29432,"67,209,100","6,426",애니메이션,전체관람가,독립/예술영화
미스틱 리버,클린트 이스트우드,워너브러더스 코리아(주),2003-12-05,장편,미국,0,0,29400,0,"15,200",미스터리,15세관람가,독립/예술영화
몬태나,스콧 쿠퍼,판씨네마(주),2018-04-19,장편,미국,276,231968300,29354,"92,654,700","11,794",드라마,15세관람가,독립/예술영화
휴먼 스테인,로버트 벤튼,(주)쇼박스,2004-03-05,장편,미국,0,0,29346,0,"15,685",드라마,15세관람가,일반영화
벨과 세바스찬,니콜라 바니에,그린나래미디어(주),2014-03-20,장편,프랑스,202,210117000,29308,"90,507,800","12,281",어드벤처,전체관람가,독립/예술영화
역모-반란의 시대,김홍선,(주)스톰픽쳐스코리아,2017-11-23,장편,한국,355,212967300,29294,"65,901,800","8,430",사극,15세관람가,일반영화
아이돌 마스터 무비 : 빛의 저편으로!,니시고리 아츠시,(주)머스트씨무비릴리징컴퍼니,2015-11-19,장편,일본,55,212428000,29287,"113,066,000","15,357",애니메이션,전체관람가,독립/예술영화
에브리데이,마이클 수지,그린나래미디어(주),2018-10-11,장편,미국,128,260023700,29283,"82,296,200","9,027",멜로/로맨스,12세관람가,독립/예술영화
잉여들의 히치하이킹,이호재,CGV아트하우스,2013-11-28,장편,한국,31,202555800,29281,"112,822,800","15,264",다큐멘터리,12세관람가,독립/예술영화
왕이 될 아이,조 코니쉬,이십세기폭스코리아(주),2019-01-16,장편,미국,264,229649450,29236,"79,851,200","9,844",어드벤처,전체관람가,일반영화
비상,박정훈,(주)성원아이컴,2009-12-03,장편,한국,160,223314380,29223,"66,587,500","8,327",액션,청소년관람불가,일반영화
양자경의 더 모든 날 모든 순간,"다니엘 콴,다니엘 쉐이너트",워터홀컴퍼니(주),2022-11-23,장편,미국,63,311073359,29221,"203,910,484","19,192",액션,15세관람가,독립/예술영화
리빙보이 인 뉴욕,마크 웹,주식회사 더쿱,2017-11-09,장편,미국,158,239323800,29217,"119,275,800","14,234",멜로/로맨스,15세관람가,독립/예술영화
무간도2 - 혼돈의 시대,"유위강,맥조휘",태창엔터테인먼트(주),2003-12-05,장편,기타,0,0,29120,0,"13,360",범죄,15세관람가,독립/예술영화
꼬마잠수함 올리,헤 질리,예지림엔터테인먼트,2014-10-16,장편,중국,232,196511300,29114,"41,250,000","5,479",애니메이션,전체관람가,독립/예술영화
폭력써클,박기형,(주)쇼박스,2006-10-19,장편,한국,0,0,29110,0,"9,851",액션,청소년관람불가,일반영화
"다시, 봄",정용주,(주)스마일이엔티,2019-04-17,장편,한국,360,233916700,29048,"97,696,430","11,519",드라마,12세관람가,독립/예술영화
러브 인 클라우즈,존 듀이건,예지림엔터테인먼트,2008-12-31,장편,기타,34,199109613,29033,"100,985,000","14,248",드라마,15세관람가,일반영화
미스비헤이비어,필립파 로소프,판씨네마(주),2020-05-27,장편,영국,378,234421860,28884,"106,700,360","12,991",드라마,15세관람가,독립/예술영화
데스노트: 더 뉴 월드,사토 신스케,(주)디스테이션,2017-03-29,장편,일본,309,220886363,28723,"80,445,063","10,121",범죄,15세관람가,일반영화
그집,기타,(주)제이앤씨미디어그룹,2020-05-27,장편,기타,392,238258460,28707,"53,073,520","6,562",공포(호러),15세관람가,독립/예술영화
극장판 바다 탐험대 옥토넛 : 해저동굴 대탈출,기타,와이드 릴리즈(주),2022-02-17,장편,영국,236,239098800,28703,"46,829,700","5,421",애니메이션,전체관람가,일반영화
무협,진가신,(주)넥스트엔터테인먼트월드(NEW),2011-11-17,장편,기타,137,206464500,28698,"62,195,000","8,053",액션,15세관람가,일반영화
캐리tv 러브콘서트 더 무비,"정귀호,이민환,석진욱",롯데컬처웍스(주)롯데엔터테인먼트,2019-08-07,장편,한국,155,225815700,28679,"63,379,600","7,848",공연,전체관람가,일반영화
대통령의 7시간,이상호,(주)씨네포트,2019-11-14,장편,한국,84,241374840,28636,"96,296,320","10,881",다큐멘터리,12세관람가,독립/예술영화
슈퍼 스파이: 수상한 임무,하비에르 페서,(주)스톰픽쳐스코리아,2015-10-15,장편,기타,173,207059400,28626,"50,831,200","6,557",애니메이션,전체관람가,독립/예술영화
지퍼스 크리퍼스 2,빅터 살바,(주)오시네마,2003-10-31,장편,미국,0,0,28611,0,"9,509",공포(호러),청소년관람불가,일반영화
헌티드 맨션,롭 민코프,한국소니픽쳐스릴리징브에나비스타영화㈜,2004-04-15,장편,미국,0,0,28611,0,"9,790",코미디,전체관람가,일반영화
분노,이상일,플러스엠 엔터테인먼트,2017-03-30,장편,일본,99,230315537,28567,"158,224,837","19,256",스릴러,청소년관람불가,독립/예술영화
굿모닝 맨하탄,가우리 신드,(주)인벤트스톤,2014-02-06,장편,기타,99,205346000,28548,"115,502,000","15,500",코미디,전체관람가,독립/예술영화
그린 나이트,데이빗 로워리,(주)팝엔터테인먼트,2021-08-05,장편,미국,235,265499680,28534,"161,859,300","17,228",어드벤처,15세관람가,독립/예술영화
플레이모빌: 더 무비,리노 디살보,(주)올스타엔터테인먼트,2019-09-11,장편,기타,295,222928260,28520,"64,395,520","7,648",애니메이션,전체관람가,독립/예술영화
머드,제프 니콜스,(주)프레인글로벌,2013-11-28,장편,미국,113,206252500,28507,"150,206,000","20,109",드라마,15세관람가,독립/예술영화
크리미널 스쿼드,크리스찬 구드가스트,(주)이수C&E,2018-04-19,장편,미국,361,236627200,28477,"71,926,200","8,659",범죄,15세관람가,일반영화
시간,김기덕,스폰지,2006-08-24,장편,한국,0,0,28414,0,"20,191",드라마,청소년관람불가,독립/예술영화
"어디갔어, 버나뎃",리차드 링클레이터,(주)디스테이션,2020-10-08,장편,미국,253,236253000,28378,"102,548,000","12,154",코미디,12세관람가,독립/예술영화
극장판 암살교실 : 365일의 시간,키시 세이지,(주)박수엔터테인먼트,2017-03-23,장편,일본,98,210398500,28364,"52,956,500","6,792",애니메이션,12세관람가,일반영화
카페 6,오자운,(주)라이크콘텐츠,2016-11-16,장편,기타,126,196383500,28353,"70,198,000","9,889",멜로/로맨스,12세관람가,독립/예술영화
파울볼,"조정래,김보경",오퍼스픽쳐스(유),2015-04-02,장편,한국,231,212849500,28324,"74,007,100","9,590",다큐멘터리,전체관람가,독립/예술영화
안소니 짐머,제롬 샬레,(주)씨제이이엔엠,2006-05-11,장편,프랑스,0,0,28318,0,"12,800",스릴러,12세관람가,일반영화
누구나 아는 비밀,아쉬가르 파라디,오드,2019-08-01,장편,기타,52,219393320,28258,"162,618,570","20,231",드라마,15세관람가,독립/예술영화
버터플라이,필립 뮬,프리비젼엔터테인먼트,2009-01-15,장편,프랑스,28,192216351,28250,"113,556,500","16,375",코미디,전체관람가,독립/예술영화
서프러제트,사라 가브론,유니버설픽쳐스인터내셔널 코리아(유),2016-06-23,장편,미국,18,227992800,28220,"135,715,400","16,397",드라마,12세관람가,독립/예술영화
걸즈 앤 판처 극장판,미즈시마 츠토무,(주)머스트씨무비릴리징컴퍼니,2016-08-25,장편,일본,57,251874100,28121,"157,278,600","17,251",애니메이션,12세관람가,일반영화
투 프렌즈,빅터 아즈에프,(주)박수엔터테인먼트,2018-11-29,장편,기타,273,199496700,28082,"24,109,600","3,069",애니메이션,전체관람가,일반영화
박물관이 진짜 살아있다,"마틴 코틱,이나 예블라니코바",(주)팝엔터테인먼트,2018-11-08,장편,기타,252,204365150,28064,"35,475,000","4,326",애니메이션,전체관람가,독립/예술영화
마리아 칼라스: 세기의 디바,톰 볼프,(주)영화사 진진,2019-07-11,장편,프랑스,26,205683580,28048,"157,978,780","20,145",다큐멘터리,전체관람가,독립/예술영화
무림여대생,곽재용,(주)베어엔터테인먼트,2008-06-26,장편,한국,205,176547500,28019,"52,145,000","7,746",멜로/로맨스,15세관람가,일반영화
마리안느와 마가렛,윤세영,(주)팝엔터테인먼트,2017-04-20,장편,한국,64,195549400,28016,"33,199,700","4,431",다큐멘터리,전체관람가,독립/예술영화
찬실이는 복도 많지,김초희,찬란,2020-03-05,장편,한국,241,240495330,27974,"152,524,530","16,942",드라마,전체관람가,독립/예술영화
문호 스트레이독스 [데드 애플],이가라시 타쿠야,(주)애니플러스,2018-04-05,장편,일본,79,213810500,27944,"79,492,000","9,885",애니메이션,12세관람가,독립/예술영화
건즈 아킴보,제이슨 레이 하우덴,와이드 릴리즈(주),2020-04-15,장편,영국,181,244731000,27928,"90,323,000","10,314",액션,청소년관람불가,독립/예술영화
그루지 3,토비 윌킨스,㈜케이디미디어,2009-08-27,장편,미국,57,214232793,27904,"67,584,000","8,551",공포(호러),15세관람가,일반영화
나를 미치게 하는 여자,주드 아패토우,유니버설픽쳐스인터내셔널 코리아(유),2015-12-10,장편,미국,161,208570700,27858,"107,755,100","14,876",코미디,청소년관람불가,일반영화
키드냅,루이스 프리에토,(주)제이앤씨미디어그룹,2017-11-22,장편,미국,167,214871800,27854,"74,933,600","9,489",액션,15세관람가,독립/예술영화
스페이스 비트윈 어스,피터 첼섬,(주)키다리이엔티,2017-03-16,장편,미국,370,213149361,27847,"78,591,861","9,973",어드벤처,12세관람가,독립/예술영화
걸 온 더 트레인,테이트 테일러,(주)씨제이이엔엠,2017-03-09,장편,미국,331,215124500,27840,"72,744,600","9,040",드라마,청소년관람불가,일반영화
영 아담,데이빗 맥킨지,롯데쇼핑㈜롯데엔터테인먼트,2004-12-03,장편,영국,0,0,27838,0,"9,821",드라마,청소년관람불가,일반영화
그리스 로마신화 - 올림포스 가디언 - 기간테스 대역습,김준,(주)스폰지이엔티,2005-07-28,장편,한국,0,0,27830,0,"10,770",액션,전체관람가,일반영화
올드 스쿨,토드 필립스,(주)씨제이이엔엠,2003-04-25,장편,미국,0,0,27750,0,"7,594",코미디,청소년관람불가,일반영화
데인저러스 메소드,데이빗 크로넨버그,KT&G 상상마당 영화사업팀 컴퍼니에스에스(주),2012-05-10,장편,영국,97,209419509,27642,"129,062,009","16,296",멜로/로맨스,청소년관람불가,독립/예술영화
파리의 인어,마티아스 마르지유,(주)빅웨이브시네마,2020-07-23,장편,프랑스,204,232298500,27623,"89,261,500","10,557",멜로/로맨스,12세관람가,독립/예술영화
페인 앤 글로리,페드로 알모도바르,(주)제이앤씨미디어그룹,2020-02-05,장편,기타,198,208760620,27569,"117,106,480","14,549",드라마,청소년관람불가,독립/예술영화
페어러브,신연식,(주)씨제이이엔엠,2010-01-14,장편,한국,44,205824062,27521,"115,432,000","15,174",드라마,12세관람가,독립/예술영화
더 시크릿,벵상 뻬레,(주)프라임엔터테인먼트,2008-01-01,장편,프랑스,93,183438000,27492,"68,181,500","9,772",미스터리,15세관람가,일반영화
코비: 블루 엘리펀트의 전설,타위랍 스리우티윙스,(주)영화사 빅,2013-12-05,장편,기타,104,165671000,27463,"44,541,500","6,782",애니메이션,전체관람가,일반영화
반지의 제왕 : 두개의 탑 (확장판),피터 잭슨,(주)디스테이션,2017-01-18,장편,기타,58,350183800,27440,"171,901,300","13,453",판타지,12세관람가,일반영화
위아 유어 프렌즈,맥스 조셉,씨네그루(주)다우기술,2015-11-12,장편,미국,220,215918400,27412,"81,737,000","9,961",드라마,청소년관람불가,일반영화
팬텀 스레드,폴 토마스 앤더슨,유니버설픽쳐스인터내셔널 코리아(유),2018-03-08,장편,미국,42,223858100,27403,"153,869,600","18,292",드라마,15세관람가,독립/예술영화
토마스와 친구들: 용감한 기관차와 괴물소동,롭 실베스트리,와이드 릴리즈(주),2016-10-13,장편,영국,291,192443400,27345,"37,991,900","4,715",애니메이션,전체관람가,독립/예술영화
퍼펙트 케어,J 블레이크슨,TCO(주)더콘텐츠온,2021-02-19,장편,미국,308,227902740,27337,"114,807,430","13,910",범죄,15세관람가,일반영화
타발루가와 얼음공주,스벤 운터발트 주니어,예지림엔터테인먼트,2020-01-08,장편,독일,304,190654000,27330,"33,625,100","4,221",애니메이션,전체관람가,독립/예술영화
어떤 만남,리사 아주엘로스,(주)티캐스트콘텐츠허브,2014-07-31,장편,프랑스,39,211674300,27302,"155,225,700","19,563",멜로/로맨스,청소년관람불가,독립/예술영화
라자루스,데이빗 겔브,(유)조이앤시네마,2015-07-02,장편,미국,89,214955800,27279,"73,616,200","8,924",공포(호러),15세관람가,일반영화
몬스터 헌트,라맨 허,(주)와우픽쳐스,2015-11-12,장편,중국,184,200197000,27257,"61,489,300","7,853",판타지,12세관람가,독립/예술영화
로스트 인 파리,"도미니크 아벨,피오나 고든",그린나래미디어(주),2017-05-18,장편,프랑스,85,215575038,27203,"152,668,838","18,578",멜로/로맨스,12세관람가,독립/예술영화
지니어스,마이클 그랜다지,(주)라이크콘텐츠,2017-04-13,장편,영국,172,209372437,27167,"124,198,137","15,610",드라마,12세관람가,독립/예술영화
피쉬 프렌즈: 알록이의 신기한 모험,부르한 군,(주)박수엔터테인먼트,2018-08-30,장편,기타,320,185274100,27128,"19,353,700","2,440",애니메이션,전체관람가,일반영화
인천상륙작전 : 익스텐디드 에디션(확장판),이재한,(주)씨제이이엔엠,2016-09-13,장편,한국,122,220051200,27070,"64,315,000","7,960",전쟁,15세관람가,일반영화
"쏘아올린 불꽃, 밑에서 볼까? 옆에서 볼까?",신보 아키유키,(주)넥스트엔터테인먼트월드(NEW),2018-01-11,장편,일본,390,208532200,27069,"63,288,600","7,931",애니메이션,15세관람가,독립/예술영화
해피 투게더,김정환,플레이리스트(주),2018-11-15,장편,한국,240,204452450,27046,"93,261,500","10,654",드라마,12세관람가,일반영화
아이스 로드,조나단 헨스라이,(주)스튜디오 산타클로스엔터테인먼트,2021-07-21,장편,미국,344,258069720,27037,"63,925,960","6,585",스릴러,12세관람가,일반영화
아워 이디엇 브라더,제시 페레츠,씨너스엔터테인먼트(주),2012-11-29,장편,미국,62,197192477,27010,"140,474,977","19,161",드라마,청소년관람불가,독립/예술영화
4요일: 자살을 부르는 요일,서민영,메가픽쳐스제이씨(주),2008-12-11,장편,한국,131,182233000,26840,"44,656,000","6,167",공포(호러),청소년관람불가,일반영화
귀향,페드로 알모도바르,해피송,2006-09-21,장편,기타,0,0,26830,0,"22,756",드라마,15세관람가,독립/예술영화
러브 앤 머시,빌 포래드,판씨네마(주),2015-07-30,장편,미국,51,211780800,26812,"129,164,200","15,920",드라마,15세관람가,독립/예술영화
수색자,김민섭,(주)콘텐츠판다,2021-09-29,장편,한국,218,190969220,26794,"73,477,250","13,260",스릴러,15세관람가,독립/예술영화
콜드 워,파벨 파블리코브스키,아이 엠,2019-02-07,장편,기타,65,220783373,26784,"140,398,073","16,168",멜로/로맨스,15세관람가,독립/예술영화
더 폴: 오디어스와 환상의 문,타셈 싱,(주)영화사구안,2008-12-04,장편,기타,1,180180144,26777,"138,098,500","19,691",드라마,12세관람가,독립/예술영화
재키,파블로 라라인,그린나래미디어(주),2017-01-25,장편,기타,97,209835243,26758,"134,730,143","16,779",드라마,15세관람가,독립/예술영화
미스 리틀 선샤인,"조나단 데이턴,발레리 페리스",이십세기폭스코리아(주),2006-12-21,장편,미국,0,0,26748,0,"20,448",코미디,15세관람가,일반영화
몬스터 섬의 비밀,레오폴도 아귈라,(주)박수엔터테인먼트,2017-09-07,장편,기타,150,184568800,26739,"30,088,800","4,076",애니메이션,전체관람가,독립/예술영화
앙: 단팥 인생 이야기,가와세 나오미,그린나래미디어(주),2015-09-10,장편,일본,39,213619862,26738,"156,647,162","18,756",드라마,12세관람가,독립/예술영화
아기돼지 3형제와 매직램프,유위,(주)팝엔터테인먼트,2017-03-23,장편,중국,135,208444600,26670,"37,196,000","4,578",애니메이션,전체관람가,일반영화
머신건 프리처,마크 포스터,(주)팝파트너스,2012-05-24,장편,미국,141,197366500,26640,"96,400,500","12,484",액션,15세관람가,일반영화
리멤버 미,앨런 콜터,㈜케이디미디어,2011-03-03,장편,미국,139,200247000,26629,"76,902,000","9,733",멜로/로맨스,15세관람가,일반영화
중2병이라도 사랑이 하고 싶어! 테이크 온 미,이시하라 타츠야,와이드 릴리즈(주),2018-05-10,장편,일본,113,232190200,26577,"70,437,100","7,261",애니메이션,12세관람가,독립/예술영화
더 보이 2: 돌아온 브람스,윌리엄 브렌트 벨,(주)팝엔터테인먼트,2020-03-05,장편,미국,179,231152000,26531,"79,928,000","9,271",공포(호러),15세관람가,일반영화
귀멸의 칼날: 주합회의·나비저택 편,소토자키 하루오,(주)박수엔터테인먼트,2021-12-01,장편,일본,291,252680700,26474,"65,671,050","6,736",애니메이션,15세관람가,일반영화
소림소녀,모토히로 카츠유키,㈜케이디미디어,2008-07-24,장편,일본,137,169120500,26434,"56,479,000","8,289",액션,12세관람가,일반영화
원 포 더 머니,줄리 앤 로빈슨,씨너스엔터테인먼트(주),2012-02-16,장편,미국,144,195806000,26387,"97,798,000","12,807",멜로/로맨스,15세관람가,독립/예술영화
뉴 스텝업: 어반댄스,타미 데이비스,THE 픽쳐스,2016-09-22,장편,기타,176,170417700,26381,"40,976,700","5,998",액션,15세관람가,독립/예술영화
기적의 오케스트라 - 엘 시스테마,"마리아 슈토트마이어,파울 슈마츠니",(주)영화사 진진,2010-08-12,장편,독일,12,186737019,26377,"125,318,800","17,156",다큐멘터리,전체관람가,독립/예술영화
찰리의 진실,조나단 드미,UIP코리아,2003-01-10,장편,미국,0,0,26361,0,"10,579",미스터리,15세관람가,일반영화
콘스탄트 가드너,페르난도 메이렐레스,스폰지,2006-05-04,장편,영국,0,0,26346,0,"18,148",스릴러,15세관람가,일반영화
집 나온 남자들,이하,(주)싸이더스,2010-04-08,장편,한국,134,189538028,26319,"47,813,500","6,292",코미디,15세관람가,독립/예술영화
쾌걸 조로리의 대대대대모험,이와사키 토모코,(주)미디어데이,2013-06-05,장편,일본,136,164250500,26278,"20,649,500","3,049",애니메이션,전체관람가,일반영화
트레이서,다니엘 벤마요,(주)영화사오원,2015-03-19,장편,미국,249,197286000,26262,"56,995,900","7,303",액션,15세관람가,일반영화
쥬라기캅스 극장판: 공룡시대 대모험,김호락,플러스엠 엔터테인먼트,2022-09-07,장편,한국,453,240024088,26188,"32,610,258","3,306",애니메이션,전체관람가,일반영화
배저로와 친구들: 신비한 모험,"라스무스 A. 실버르센,룬 스파안스",와이드 릴리즈(주),2017-10-26,장편,기타,293,177884400,26185,"36,695,500","4,753",애니메이션,전체관람가,독립/예술영화
마크맨,로버트 로렌즈,(주)디스테이션,2021-04-28,장편,미국,210,198413200,26152,"53,868,600","7,481",액션,15세관람가,일반영화
극장판 바다 탐험대 옥토넛 : 대산호초 보호작전,기타,와이드 릴리즈(주),2020-11-12,장편,영국,187,175915000,26123,"32,135,000","4,680",애니메이션,전체관람가,독립/예술영화
아임 낫 데어,토드 헤인즈,(주)스폰지이엔티,2008-05-29,장편,미국,8,175924500,26117,"151,337,000","22,018",드라마,15세관람가,독립/예술영화
모어 댄 블루,임효겸,오드,2018-12-12,장편,기타,132,211727600,26101,"95,804,500","11,324",멜로/로맨스,12세관람가,독립/예술영화
원더스트럭,토드 헤인즈,CGV아트하우스,2018-05-03,장편,미국,111,220860000,26034,"112,232,200","13,027",드라마,전체관람가,독립/예술영화
바다 탐험대 옥토넛 : 육지수호 대작전,기타,와이드 릴리즈(주),2021-10-27,장편,영국,205,223583600,25934,"45,282,400","4,994",애니메이션,전체관람가,일반영화
왓 이프,마이클 도즈,(주)나이너스엔터테인먼트,2014-11-13,장편,기타,145,192741700,25908,"103,500,500","13,454",코미디,15세관람가,독립/예술영화
부니베어: 로거빅 컴백홈 프로젝트,정량,예지림엔터테인먼트,2017-06-29,장편,중국,277,177914300,25903,"28,804,400","3,824",애니메이션,전체관람가,독립/예술영화
달링,앤디 서키스,(주)팝엔터테인먼트,2018-04-12,장편,영국,147,204458500,25872,"82,263,300","10,294",드라마,12세관람가,독립/예술영화
구스범스: 몬스터의 역습,아리 산델,소니픽쳐스엔터테인먼트코리아주식회사극장배급지점,2018-11-07,장편,미국,167,206296600,25857,"64,930,500","7,994",판타지,12세관람가,일반영화
블라인드 멜로디,스리람 라그하반,찬란,2019-08-28,장편,기타,151,208513400,25833,"98,068,900","11,607",스릴러,15세관람가,독립/예술영화
전원사형,코바야시 유키,제인앤유,2019-05-13,장편,일본,1,137482280,25815,"117,219,240","21,977",드라마,청소년관람불가,일반영화
판소리 복서,정혁기,CGV아트하우스,2019-10-09,장편,한국,345,193213180,25739,"52,420,760","6,334",코미디,12세관람가,독립/예술영화
서칭 포 슈가맨,말릭 벤젠룰,판씨네마(주),2012-10-11,장편,기타,26,191465100,25694,"160,066,100","20,875",다큐멘터리,전체관람가,독립/예술영화
"연공:안녕, 사랑하는 모든 것",이마이 나츠키,(주)성원아이컴,2008-11-13,장편,일본,88,156505500,25689,"70,083,000","11,217",멜로/로맨스,15세관람가,일반영화
인 블룸,바딤 피얼먼,㈜케이디미디어,2008-09-25,장편,미국,95,172320000,25681,"64,923,000","9,191",스릴러,청소년관람불가,일반영화
컴 아웃 파이팅,디토 몬티엘,기타,2009-10-22,장편,미국,143,187512404,25656,"60,275,000","7,842",액션,15세관람가,일반영화
당신의 부탁,이동은,CGV아트하우스,2018-04-19,장편,한국,371,205547428,25652,"81,657,728","9,615",드라마,15세관람가,독립/예술영화
그 사람 그 사랑 그 세상,권혁만,THE 픽쳐스,2014-11-20,장편,한국,55,189858500,25649,"104,224,500","13,465",다큐멘터리,전체관람가,독립/예술영화
골드,스티븐 개건,CGV아트하우스,2017-03-22,장편,미국,200,195197900,25595,"98,341,700","12,604",드라마,15세관람가,독립/예술영화
쿵푸몽키,폴 왕,(주)박수엔터테인먼트,2018-01-25,장편,중국,194,182202400,25577,"29,971,400","3,894",애니메이션,전체관람가,독립/예술영화
매직울프,"안드레이 갈랏,막심 볼코브",(주)박수엔터테인먼트,2017-10-03,장편,기타,168,199069400,25556,"34,496,200","4,360",애니메이션,전체관람가,독립/예술영화
잠수종과 나비,줄리언 슈나벨,(주)영화사 진진,2008-02-14,장편,미국,12,174328500,25538,"150,088,000","21,821",드라마,12세관람가,독립/예술영화
사다코 대 카야코,시라이시 코지,유니버설픽쳐스인터내셔널 코리아(유),2017-01-04,장편,일본,131,201673000,25531,"50,529,000","6,308",공포(호러),15세관람가,일반영화
러빙 빈센트 : 비하인드 에디션,"도로타 코비엘라,휴 웰치맨",(주)이수C&E,2018-12-13,장편,영국,97,216372490,25481,"136,989,940","15,565",애니메이션,15세관람가,독립/예술영화
베니티 페어,미라 네이어,스폰지,2005-01-21,장편,미국,0,0,25458,0,"16,758",드라마,15세관람가,일반영화
붙어야 산다,"바비 패럴리,피터 패럴리",이십세기폭스필름코퍼레이션,2004-02-27,장편,미국,0,0,25450,0,"9,384",코미디,12세관람가,일반영화
아들의 이름으로,이정국,(주)엣나인필름,2021-05-12,장편,한국,423,215172610,25449,"77,093,130","9,148",드라마,12세관람가,독립/예술영화
힛쳐,데이브 메이어스,(주)씨지브이신도림,2007-08-01,장편,미국,0,0,25440,0,"8,095",액션,청소년관람불가,일반영화
선샤인 온 리스,덱스터 플레처,(주)팝엔터테인먼트,2014-09-03,장편,영국,142,195675600,25431,"119,266,300","15,310",뮤지컬,12세관람가,독립/예술영화
정글북 2,스티브 트렌버스,월트디즈니코리아㈜,2003-02-21,장편,미국,0,0,25429,0,"6,599",애니메이션,전체관람가,일반영화
정글북: 마법 원정대,막심 파디브,(주)박수엔터테인먼트,2019-03-21,장편,기타,372,194472710,25419,"27,019,940","3,281",애니메이션,전체관람가,일반영화
블랙라이트,마크 윌리엄스,(주)퍼스트런,2022-03-09,장편,미국,521,228699190,25401,"72,858,070","8,457",액션,15세관람가,일반영화
돌핀보이,기타,와이드 릴리즈(주),2023-01-25,장편,독일,177,226353600,25387,"43,131,700","4,526",애니메이션,전체관람가,일반영화
폰조,조쉬 트랭크,(주)키다리이엔티,2020-10-14,장편,미국,574,211759310,25383,"79,202,080","9,237",범죄,청소년관람불가,독립/예술영화
우연과 상상,하마구치 류스케,그린나래미디어(주),2022-05-04,장편,일본,56,250770840,25328,"181,186,240","17,553",드라마,15세관람가,독립/예술영화
뿌까의 짜장면파티,박상용,(주)에픽캔,2022-07-04,장편,한국,11,152742500,25324,"11,562,500","1,909",기타,전체관람가,일반영화
예언자,자크 오디아르,판씨네마(주),2010-03-11,장편,프랑스,24,196085624,25309,"141,827,000","18,213",드라마,청소년관람불가,독립/예술영화
매직 마이크,스티븐 소더버그,(주)나이너스엔터테인먼트,2012-08-01,장편,미국,68,191946500,25288,"123,492,500","15,823",코미디,청소년관람불가,독립/예술영화
양말요정 휴고의 대모험,갈리나 미클리노바,와이드 릴리즈(주),2018-09-06,장편,기타,354,168413700,25278,"18,862,500","2,623",어드벤처,전체관람가,일반영화
트래쉬,스티븐 달드리,유니버설픽쳐스인터내셔널 코리아(유),2015-05-14,장편,미국,206,182102913,25260,"77,054,313","10,507",어드벤처,15세관람가,독립/예술영화
신 에반게리온 극장판,안노 히데아키,(주)라이크콘텐츠,2022-10-05,장편,일본,93,285487800,25217,"124,847,600","10,573",애니메이션,15세관람가,독립/예술영화
대단한 유혹,장 프랑소아 풀리오,필름뱅크(주),2004-06-25,장편,기타,0,0,25171,0,"20,130",코미디,전체관람가,일반영화
킹덤 오브 헤븐: 디렉터스 컷,리들리 스콧,(주)영화사오원,2020-11-11,장편,영국,117,230971600,25153,"118,553,900","12,497",액션,15세관람가,일반영화
꼬마영웅 경찰차 프로디2,라스무스 A. 실버르센,예지림엔터테인먼트,2014-03-20,장편,기타,257,166040900,25149,"27,478,400","3,868",애니메이션,전체관람가,독립/예술영화
안녕하세요,차봉주,(주)디스테이션,2022-05-25,장편,한국,297,183017360,25140,"66,766,000","9,553",드라마,12세관람가,일반영화
러브라이브! 선샤인!! 더 스쿨 아이돌 무비 오버 더 레인보우,사카이 카즈오,(주)애니플러스,2019-02-14,장편,일본,66,219618070,25109,"114,619,050","12,236",애니메이션,전체관람가,일반영화
셧업,프랑시스 베베르,쇼이스트(주),2004-08-27,장편,프랑스,0,0,25000,0,"8,825",코미디,15세관람가,일반영화
쿨,F. 게리 그레이,이십세기폭스필름코퍼레이션,2005-04-08,장편,미국,0,0,25000,0,"12,709",코미디,15세관람가,일반영화
n번째 이별 중,기타,(주)팬엔터테인먼트,2020-04-01,장편,미국,171,225358800,24915,"87,296,700","9,615",멜로/로맨스,12세관람가,독립/예술영화
하이큐!! 콘셉트의 싸움,미츠나카 스스무,(주)팝엔터테인먼트,2018-01-11,장편,일본,97,182534000,24898,"70,469,500","9,130",애니메이션,12세관람가,일반영화
영주,차성덕,CGV아트하우스,2018-11-22,장편,한국,106,192729750,24823,"93,991,350","11,461",드라마,12세관람가,독립/예술영화
빅 픽처,에릭 라티고,(주)드림웨스트픽쳐스,2013-07-04,장편,프랑스,21,181322800,24815,"107,676,800","14,310",드라마,청소년관람불가,독립/예술영화
쥬로링 동물탐정 극장판,"이종현,박시후",롯데쇼핑㈜롯데엔터테인먼트,2014-12-18,장편,한국,188,173948100,24810,"42,714,300","5,383",애니메이션,전체관람가,독립/예술영화
슈퍼 버드,"리카르도 아나이즈,마이크 컨켈,라울 가르시아",와이드 릴리즈(주),2017-04-06,장편,기타,288,173938100,24799,"28,450,300","3,640",애니메이션,전체관람가,독립/예술영화
모험왕 블링키,딘 테일러,(주)라이크콘텐츠,2019-02-20,장편,기타,226,174676220,24787,"38,680,900","5,017",애니메이션,전체관람가,일반영화
시라노,조 라이트,유니버설픽쳐스인터내셔널 코리아(유),2022-02-23,장편,미국,195,203932200,24751,"113,222,500","14,144",멜로/로맨스,12세관람가,일반영화
레지던트 이블: 라쿤시티,요하네스 로버츠,소니픽쳐스엔터테인먼트코리아주식회사극장배급지점,2022-01-19,장편,미국,276,216277970,24722,"79,303,000","9,676",액션,청소년관람불가,일반영화
겨울왕국의 무민,"야쿱 론스키,이라 카르페란",(주)팝엔터테인먼트,2018-02-08,장편,기타,135,132193500,24658,"67,161,000","13,167",애니메이션,전체관람가,독립/예술영화
밀림의 왕자 레오: 세상을 바꾸는 용기,타니구치 고로,(주)박수엔터테인먼트,2012-02-29,장편,일본,49,154900000,24640,"26,936,000","3,767",애니메이션,전체관람가,독립/예술영화
더 프롬,라이언 머피,플러스엠 엔터테인먼트,2020-12-02,장편,미국,662,213920730,24635,"84,028,530","9,478",코미디,12세관람가,일반영화
하이-라이즈,벤 휘틀리,찬란,2016-03-30,장편,영국,108,192162100,24600,"118,265,900","14,893",스릴러,청소년관람불가,독립/예술영화
낮술,노영석,(주)영화사 진진,2009-02-05,장편,한국,11,172351722,24595,"121,284,600","16,981",코미디,15세관람가,독립/예술영화
사이에서,이창재,필름메신저,2006-09-07,장편,한국,0,0,24595,0,"24,081",다큐멘터리,15세관람가,일반영화
환상의 그대,우디 알렌,(주)티캐스트,2011-01-27,장편,미국,11,198216500,24579,"174,148,500","21,385",멜로/로맨스,청소년관람불가,독립/예술영화
마리 퀴리,마르잔 사트라피,(주)디스테이션,2020-11-18,장편,프랑스,484,191500920,24573,"86,961,990","11,943",드라마,15세관람가,독립/예술영화
메소드,방은진,(주)엣나인필름,2017-11-02,장편,한국,244,200356300,24573,"126,991,700","14,793",드라마,15세관람가,독립/예술영화
"조제, 호랑이 그리고 물고기들",타무라 코타로,(주)팝엔터테인먼트,2021-03-31,장편,일본,399,223274310,24571,"86,431,110","9,301",애니메이션,12세관람가,독립/예술영화
오즈의 마법사: 요술구두와 말하는 책,기타,(주)박수엔터테인먼트,2020-01-22,장편,기타,252,195207320,24534,"35,061,960","4,123",애니메이션,전체관람가,일반영화
결혼 이야기,노아 바움백,판씨네마(주),2019-11-27,장편,영국,83,197982660,24510,"153,007,120","17,858",멜로/로맨스,15세관람가,독립/예술영화
아부지,배해성,실버스푼,2009-07-15,장편,한국,38,127494613,24498,"19,591,500","3,483",드라마,12세관람가,독립/예술영화
렌트,크리스 콜럼버스,㈜스튜디오이쩜영,2007-01-18,장편,미국,0,0,24496,0,"15,827",뮤지컬,15세관람가,일반영화
키즈모노가타리 I : 철혈편,신보 아키유키,(주)박수엔터테인먼트,2016-06-30,장편,일본,74,187057500,24492,"79,359,000","10,169",애니메이션,15세관람가,일반영화
"내 어깨 위 고양이, 밥",로저 스포티스우드,(주)누리픽쳐스,2017-01-04,장편,영국,112,193578000,24466,"82,520,400","10,151",드라마,12세관람가,독립/예술영화
카이: 거울 호수의 전설,이성강,플러스엠 엔터테인먼트,2016-08-17,장편,한국,172,180633800,24451,"65,794,500","8,444",애니메이션,전체관람가,독립/예술영화
진격의 거인: 홍련의 화살,아라키 테츠로,(주)박수엔터테인먼트,2015-01-28,장편,일본,82,192575800,24450,"70,322,200","8,797",애니메이션,15세관람가,일반영화
스즈미야 하루히의 소실,"이시하라 타츠야,타케모토 야스히로",에이원엔터테인먼트,2010-11-11,장편,일본,30,168693049,24444,"85,734,000","11,595",코미디,12세관람가,독립/예술영화
엠퍼러스 클럽,마이클 호프만,UIP코리아,2003-03-07,장편,미국,0,0,24398,0,"10,388",드라마,12세관람가,일반영화
종이 달,요시다 다이하치,(주)영화사오원,2015-07-23,장편,일본,34,197236200,24381,"141,966,400","16,757",드라마,청소년관람불가,독립/예술영화
노크: 초대받지 않은 손님,조하네스 로버츠,(주)삼백상회,2018-10-11,장편,미국,266,206605250,24379,"34,718,650","3,903",공포(호러),15세관람가,일반영화
천룡팔부: 교봉전,견자단,(주)팝엔터테인먼트,2023-01-25,장편,기타,300,210773266,24353,"84,540,740","10,100",액션,15세관람가,일반영화
원라이프,"마이클 건톤,마샤 홈즈",(주)씨제이이엔엠,2011-08-17,장편,영국,158,163408600,24348,"49,818,500","6,827",다큐멘터리,전체관람가,일반영화
스파이크,"다비드 알로,에릭 토스티",예지림엔터테인먼트,2013-12-05,장편,프랑스,159,145382500,24346,"22,310,500","3,364",애니메이션,전체관람가,독립/예술영화
곰이 되고 싶어요,야니크 하스트럽,필름뱅크(주),2004-01-30,장편,기타,0,0,24339,0,"13,010",드라마,전체관람가,독립/예술영화
슈퍼오리 : 태양을 지켜라,빅터 라키소프,와이드 릴리즈(주),2017-08-31,장편,기타,257,170800400,24319,"29,671,600","3,814",애니메이션,전체관람가,독립/예술영화
꿈의 제인,조현훈,(주)엣나인필름,2017-05-31,장편,한국,86,198890200,24272,"144,410,600","16,851",드라마,청소년관람불가,독립/예술영화
나이스 가이즈,쉐인 블랙,플러스엠 엔터테인먼트,2016-07-06,장편,미국,249,187911838,24268,"78,323,838","9,864",범죄,청소년관람불가,일반영화
더 데이,백창주,롯데쇼핑㈜롯데시네마,2012-02-23,장편,한국,30,192005000,24163,"97,169,500","11,890",다큐멘터리,전체관람가,일반영화
극장판 검정고무신 : 즐거운 나의 집,"송정율,송요한",(주)대교 미디어콘텐츠사업본부,2022-10-06,장편,한국,232,217208100,24151,"34,424,300","4,079",애니메이션,전체관람가,일반영화
아임 낫 스케어드,가브리엘 살바토레,(주)씨네진,2004-08-06,장편,기타,0,0,24136,0,"3,102",드라마,12세관람가,독립/예술영화
레전드 오브 래빗: 불의 전설,"마원,동대가",(주)팝엔터테인먼트,2015-09-24,장편,중국,126,178371100,24111,"58,753,900","7,444",애니메이션,전체관람가,일반영화
폭스캐처,베넷 밀러,그린나래미디어(주),2015-02-05,장편,미국,80,190702421,24083,"118,783,221","14,762",드라마,청소년관람불가,독립/예술영화
해피 플라이트,야구치 시노부,프리비젼엔터테인먼트,2009-07-16,장편,일본,16,166419427,24040,"122,217,000","17,531",코미디,전체관람가,독립/예술영화
캡틴 스터비,리처드 라니,(주)디스테이션,2018-11-01,장편,미국,276,173778600,24019,"30,942,700","3,748",애니메이션,전체관람가,독립/예술영화
캣츠토피아,게리 왕,(주)버킷스튜디오,2020-04-30,장편,중국,367,201223160,24000,"29,153,160","3,370",판타지,전체관람가,독립/예술영화
3000년의 기다림,조지 밀러,(주)디스테이션,2023-01-04,장편,기타,176,224395015,23963,"136,028,982","14,286",멜로/로맨스,15세관람가,독립/예술영화
칠드런 액트,리차드 이어,(주)홈초이스,2019-07-04,장편,영국,61,191400120,23933,"126,875,420","14,969",드라마,12세관람가,독립/예술영화
GROW: 인피니트의 리얼 청춘 라이프,김진수,골든타이드픽처스(주),2014-12-04,장편,한국,71,189774200,23926,"101,490,400","12,339",드라마,전체관람가,일반영화
사이드웨이,알렉산더 페인,이십세기폭스필름코퍼레이션,2005-02-18,장편,미국,0,0,23900,0,"15,863",드라마,청소년관람불가,독립/예술영화
큐어,구로사와 기요시,M&M 인터내셔널,2022-07-06,장편,일본,55,250535969,23883,"176,711,469","16,273",공포(호러),15세관람가,독립/예술영화
프라미스드 랜드,구스 반 산트,CGV아트하우스,2013-12-12,장편,미국,52,178217662,23883,"112,424,500","14,694",드라마,12세관람가,독립/예술영화
남주기 아까운 그녀,폴 웨이랜드,한국소니픽쳐스릴리징브에나비스타영화㈜,2008-10-09,장편,미국,48,148149000,23858,"40,784,500","6,068",코미디,15세관람가,일반영화
언노운 걸,"뤽 다르덴,장 피에르 다르덴",오드,2017-05-03,장편,기타,67,190909700,23827,"146,573,400","17,766",드라마,12세관람가,독립/예술영화
고속도로 가족,이상문,씨제이 씨지브이(CJ CGV)(주),2022-11-02,장편,한국,222,191976100,23825,"55,723,200","7,145",드라마,15세관람가,독립/예술영화
블루 아워,하코타 유코,오드,2020-07-22,장편,일본,322,202646600,23810,"117,699,300","13,175",드라마,12세관람가,독립/예술영화
체르노빌 1986,다닐라 코즈로브스키,(주)팝엔터테인먼트,2021-06-30,장편,기타,182,200542300,23773,"57,335,600","7,162",액션,12세관람가,독립/예술영화
비바리움,기타,(주)드림팩트엔터테인먼트,2020-07-16,장편,미국,129,195312120,23756,"80,558,940","9,082",미스터리,15세관람가,독립/예술영화
고스트 메신저 극장판,구봉회,에이원엔터테인먼트,2014-05-22,장편,한국,81,184033000,23721,"74,904,500","9,450",애니메이션,12세관람가,일반영화
유포자들,홍석구,와이드 릴리즈(주),2022-11-23,장편,한국,123,154680500,23721,"53,158,000","8,445",범죄,15세관람가,일반영화
굴뚝마을의 푸펠,기타,(주)리틀빅픽쳐스,2021-05-26,장편,일본,250,205969860,23717,"65,904,950","7,504",애니메이션,전체관람가,일반영화
얼굴없는 보스,"송창용,송경용",(주)좋은 하늘,2019-11-21,장편,한국,293,199801000,23711,"67,925,460","7,545",액션,15세관람가,일반영화
자전거 탄 소년,"장 피에르 다르덴,뤽 다르덴",(주)티캐스트,2012-01-19,장편,기타,20,186147300,23688,"152,720,300","18,753",드라마,12세관람가,독립/예술영화
어부바,최종학,(주)트리플픽쳐스,2022-05-11,장편,한국,327,183948470,23674,"51,488,900","7,910",가족,전체관람가,독립/예술영화
님포매니악 볼륨2,라스 폰 트리에,CGV아트하우스,2014-07-03,장편,기타,53,195684333,23641,"121,810,433","14,349",드라마,청소년관람불가,독립/예술영화
쉘 위 키스,엠마누엘 무레,프리비젼엔터테인먼트,2009-06-18,장편,프랑스,40,166150915,23639,"114,707,000","15,793",멜로/로맨스,15세관람가,독립/예술영화
MR. 후아유,프랭크 오즈,필름메신저,2008-01-03,장편,미국,7,156714500,23626,"85,681,000","12,294",코미디,15세관람가,독립/예술영화
하이큐!! 땅 VS 하늘,미츠나카 스스무,(주)드림팩트엔터테인먼트,2020-01-23,옴니버스,일본,82,189951700,23613,"73,162,300","8,460",애니메이션,전체관람가,일반영화
사요나라 이츠카,이재한,(주)씨제이이엔엠,2010-04-15,장편,한국,31,181970548,23605,"95,791,500","12,145",드라마,청소년관람불가,일반영화
타임 투 러브,저스틴 리어든,(주)인벤트스톤,2014-10-23,장편,미국,201,179611300,23597,"81,488,300","10,213",코미디,청소년관람불가,일반영화
사이코패스,시오타니 나오요시,(주)박수엔터테인먼트,2015-05-28,장편,일본,69,191148000,23586,"91,204,000","10,797",애니메이션,15세관람가,독립/예술영화
연애담,이현주,(주)인디플러그,2016-11-17,장편,한국,38,191398100,23555,"132,774,600","15,873",멜로/로맨스,청소년관람불가,독립/예술영화
마녀배달부 키키,미야자키 하야오,(주)스마일이엔티,2007-11-22,장편,일본,0,0,23541,0,"13,199",애니메이션,전체관람가,독립/예술영화
디노타샤: 공룡대탐험,"데이빗 크렌츠,에릭 넬슨",(주)영화사 빅,2014-01-29,장편,미국,138,165071000,23530,"45,164,500","6,202",애니메이션,전체관람가,독립/예술영화
폭풍의 언덕,안드레아 아놀드,찬란,2012-06-28,장편,영국,19,165791300,23509,"110,692,800","15,045",드라마,15세관람가,독립/예술영화
송환,김동원,㈜인디스토리,2004-03-19,장편,한국,0,0,23496,0,"19,284",다큐멘터리,12세관람가,독립/예술영화
하이 스피드! –프리! 스타팅 데이즈-,타케모토 야스히로,(주)박수엔터테인먼트,2016-03-24,장편,일본,60,172018500,23496,"80,296,000","10,627",애니메이션,전체관람가,일반영화
빨간머리 앤 : 그린게이블로 가는 길,다카하타 이사오,(주)미디어데이,2013-01-09,장편,일본,108,165643000,23493,"70,608,000","9,665",애니메이션,전체관람가,독립/예술영화
제인 도,안드레 외브레달,오퍼스픽쳐스(유),2017-08-23,장편,영국,110,183431765,23467,"63,864,265","7,930",공포(호러),청소년관람불가,독립/예술영화
코드네임 제로니모,존 스톡웰,씨너스엔터테인먼트(주),2012-12-13,장편,미국,108,145151000,23462,"89,226,000","15,375",액션,15세관람가,일반영화
언프렌드,시몬 베호벤,(주)크리픽쳐스,2017-02-09,장편,독일,179,185898900,23450,"38,518,500","4,586",스릴러,15세관람가,일반영화
이타미 준의 바다,정다운,(주)영화사 진진,2019-08-15,장편,한국,57,190028160,23446,"135,514,160","15,851",다큐멘터리,전체관람가,독립/예술영화
테슬라,마이클 알메레이다,(주)제이앤씨미디어그룹,2020-10-28,장편,미국,460,184842950,23441,"76,132,540","9,450",드라마,12세관람가,일반영화
내겐 너무 소중한 너,"이창원,권성모",(주)파인스토리,2021-05-12,장편,한국,449,204423420,23404,"45,575,670","5,177",드라마,12세관람가,독립/예술영화
토마스와 친구들: 수수께끼 해적선과 보물찾기,데이비드 스토튼,KBS 미디어,2017-06-29,장편,영국,145,155824700,23395,"37,688,500","5,531",애니메이션,전체관람가,독립/예술영화
개들의 전쟁,조병옥,롯데쇼핑㈜롯데엔터테인먼트,2012-11-22,장편,한국,94,171302571,23390,"71,611,571","9,748",액션,청소년관람불가,독립/예술영화
미스터 캣,배리 소넨필드,(주)리틀빅픽쳐스,2016-10-19,장편,프랑스,241,181383750,23350,"66,025,750","8,237",코미디,전체관람가,독립/예술영화
여대생 기숙사에서 생긴 일,매티 벡커맨,제인앤유,2019-09-10,장편,미국,1,70790360,23312,"70,789,360","23,311",공포(호러),청소년관람불가,일반영화
아우토반,에란 크리비,와이드 릴리즈(주),2017-03-22,장편,영국,153,183393500,23306,"68,432,500","8,481",액션,15세관람가,독립/예술영화
굿 라이어,빌 콘돈,워너브러더스 코리아(주),2019-12-05,장편,미국,324,187789720,23262,"82,224,340","9,995",스릴러,15세관람가,일반영화
울프 콜,안토닌 보드리,판씨네마(주),2020-03-05,장편,프랑스,336,192061580,23247,"60,971,900","7,334",액션,15세관람가,독립/예술영화
부에노스 아이레스에서 사랑에 빠질 확률,구스타보 타레토,(주)영화사 진진,2013-09-12,장편,기타,12,179554000,23233,"145,414,500","18,678",코미디,15세관람가,독립/예술영화
크리스마스 캐럴,김성수,(주)디스테이션,2022-12-07,장편,한국,410,217795380,23211,"96,747,680","9,994",드라마,청소년관람불가,독립/예술영화
"세라비, 이것이 인생!","올리비에르 나카체,에릭 토레다노",(주)디스테이션,2018-05-30,장편,프랑스,145,185457800,23193,"106,460,900","13,211",코미디,전체관람가,독립/예술영화
만년이 지나도 변하지 않는 게 있어,구파도,그린나래미디어(주),2022-02-09,장편,기타,297,195118110,23191,"104,587,640","13,160",멜로/로맨스,12세관람가,독립/예술영화
사울의 아들,라즐로 네메스,그린나래미디어(주),2016-02-25,장편,기타,50,185784643,23148,"124,303,343","14,951",드라마,청소년관람불가,독립/예술영화
노무현과 바보들,김재희,오키넷,2019-04-18,장편,한국,366,175757640,23133,"49,154,390","5,971",다큐멘터리,12세관람가,독립/예술영화
윈드랜드,세르지오 맨피오,예지림엔터테인먼트,2015-04-02,장편,기타,240,162162200,23084,"19,998,300","2,605",애니메이션,전체관람가,독립/예술영화
로건 럭키,스티븐 소더버그,(주)스톰픽쳐스코리아,2018-03-14,장편,미국,257,178325100,23058,"67,172,500","8,429",코미디,12세관람가,독립/예술영화
꼬마마녀 요요와 네네,히라오 타카유키,㈜T-JOY,2013-12-25,장편,일본,90,152193000,23057,"34,938,000","5,050",애니메이션,전체관람가,일반영화
스페이스 침스 - 자톡의 역습 3D,존 H. 윌리엄스,㈜케이디미디어,2010-08-19,장편,미국,82,213410735,23021,"60,370,000","6,205",애니메이션,전체관람가,일반영화
리틀 뱀파이어,"리처드 클라우스,카스텐 킬러리치",(주)이수C&E,2018-01-18,장편,독일,213,164278600,23014,"33,037,500","4,370",애니메이션,전체관람가,독립/예술영화
음양사,타키타 요지로,기타,2003-10-02,장편,일본,0,0,23000,0,"6,300",드라마,15세관람가,일반영화
이브닝,라요스 콜타이,(주)미로비젼,2007-11-22,장편,미국,0,0,22921,0,"15,189",드라마,15세관람가,일반영화
비정한 도시 감독판,김문흠,(주)인벤트스톤,2012-10-25,장편,한국,172,161959057,22900,"46,966,557","6,411",미스터리,청소년관람불가,일반영화
종려나무 숲,유상욱,롯데쇼핑㈜롯데엔터테인먼트,2005-09-15,장편,한국,0,0,22895,0,"7,882",드라마,15세관람가,일반영화
거인,김태용,필라멘트픽쳐스,2014-11-13,장편,한국,77,173034400,22893,"95,258,000","12,089",드라마,12세관람가,독립/예술영화
"봄, 눈",김태균,(주)넥스트엔터테인먼트월드(NEW),2012-04-26,장편,한국,118,143518000,22870,"60,891,500","10,577",드라마,전체관람가,일반영화
에이바,테이트 테일러,(주)제이앤씨미디어그룹,2020-09-09,장편,미국,515,178670250,22832,"57,166,200","7,244",액션,15세관람가,일반영화
알렉스 크로스,롭 코헨,(주)인벤트스톤,2013-03-14,장편,미국,162,162716000,22771,"53,849,500","7,264",액션,청소년관람불가,일반영화
디트로이트,캐서린 비글로우,그린나래미디어(주),2018-05-31,장편,미국,108,194693700,22770,"97,893,700","11,047",스릴러,15세관람가,독립/예술영화
극장판 프리! - 테이크 유어 마크 -,카와나미 에이사쿠,(주)디스테이션,2018-04-12,장편,일본,66,134696500,22767,"75,690,500","13,391",애니메이션,전체관람가,독립/예술영화
유리정원,신수원,(주)리틀빅픽쳐스,2017-10-25,장편,한국,332,160437700,22752,"60,483,700","8,044",미스터리,12세관람가,독립/예술영화
45년 후,앤드류 헤이,판씨네마(주),2016-05-05,장편,영국,45,176524818,22745,"112,178,518","13,747",드라마,15세관람가,독립/예술영화
애비규환,최하나,(주)리틀빅픽쳐스,2020-11-12,장편,한국,453,206731300,22729,"96,040,940","9,985",드라마,12세관람가,독립/예술영화
윌리,칼 멘데스,㈜코리아스크린,2018-10-25,장편,기타,162,178555800,22716,"38,075,600","4,639",애니메이션,전체관람가,독립/예술영화
펭이와 친구들의 남극대모험,루카스 퀴아오,와이드 릴리즈(주),2018-02-28,장편,중국,233,168968800,22695,"28,336,900","3,644",애니메이션,전체관람가,일반영화
비욘드라이브 더 무비 : 엔시티 레조넌스,기타,씨제이 씨지브이(CJ CGV)(주),2022-01-12,장편,한국,34,339307500,22621,"135,387,500","9,026",공연,전체관람가,일반영화
히어로,김봉한,(주)마인스 엔터테인먼트,2013-10-08,장편,한국,179,148940000,22617,"36,886,500","5,643",가족,전체관람가,일반영화
레이디 맥베스,윌리엄 올드로이드,주식회사 씨네룩스,2017-08-03,장편,영국,53,174436800,22613,"105,541,200","13,220",드라마,청소년관람불가,독립/예술영화
지상의 별처럼,"아미르 칸,아몰 굽트",(주)엣나인필름,2012-09-06,장편,기타,20,146480500,22612,"99,318,500","14,368",드라마,전체관람가,독립/예술영화
피나,빔 벤더스,㈜영화사 백두대간,2012-08-30,장편,독일,4,419352000,22600,"374,054,000","20,091",다큐멘터리,전체관람가,독립/예술영화
혐오스런 마츠코의 일생,나카시마 테츠야,스폰지,2007-04-12,장편,일본,0,0,22570,0,"18,005",코미디,15세관람가,독립/예술영화
철벽선생,츠키카와 쇼,(주)미디어캐슬,2019-03-14,장편,일본,182,187345700,22562,"60,562,600","7,125",멜로/로맨스,12세관람가,독립/예술영화
짓,한종훈,(주)팝파트너스,2013-09-25,장편,한국,159,159384500,22526,"38,600,000","5,107",멜로/로맨스,청소년관람불가,독립/예술영화
피아니스트 세이모어의 뉴욕 소네트,에단 호크,(주)영화사 진진,2016-04-07,장편,미국,18,183213700,22466,"159,472,700","18,957",다큐멘터리,전체관람가,독립/예술영화
프로스트 VS 닉슨,론 하워드,유니버설픽쳐스인터내셔널 코리아(유),2009-03-05,장편,미국,76,150586369,22464,"72,660,500","10,346",드라마,12세관람가,일반영화
송 투 송,테렌스 맬릭,CGV아트하우스,2017-07-26,장편,미국,97,171942900,22453,"102,657,600","12,910",드라마,청소년관람불가,독립/예술영화
이스케이프 게임,보그다나 베라 로렌츠,제인앤유,2019-10-11,장편,독일,2,66331020,22451,"65,656,020","22,316",스릴러,15세관람가,일반영화
카시오페아,신연식,(주)트리플픽쳐스,2022-06-01,장편,한국,175,194889200,22429,"87,177,700","10,157",드라마,12세관람가,독립/예술영화
세컨핸드 라이온스,팀 맥칸라이즈,롯데쇼핑㈜롯데엔터테인먼트,2005-05-19,장편,미국,0,0,22413,0,"6,175",드라마,12세관람가,일반영화
F20,홍은미,와이드 릴리즈(주),2021-10-06,장편,한국,218,155242500,22412,"47,500,500","6,929",스릴러,15세관람가,일반영화
마징가 Z: 인피니티,시미즈 준지,(주)이수C&E,2018-05-17,장편,일본,332,183107900,22407,"51,639,600","6,000",애니메이션,12세관람가,일반영화
귀멸의 칼날: 아사쿠사 편,소토자키 하루오,(주)박수엔터테인먼트,2022-08-25,장편,일본,124,231532500,22388,"57,864,900","5,546",애니메이션,15세관람가,일반영화
극장판 원피스 스탬피드,기타,(주)스마일이엔티,2020-02-13,장편,일본,372,189578960,22375,"62,663,180","7,095",애니메이션,전체관람가,일반영화
스킵트레이스: 합동수사,레니 할린,(주)영화사 빅,2016-08-31,장편,기타,244,163700300,22350,"36,085,800","4,671",액션,15세관람가,일반영화
미스터 스마일,데이빗 로워리,(주)티캐스트,2018-12-27,장편,미국,56,181726300,22348,"118,884,100","14,238",드라마,15세관람가,독립/예술영화
아홉 스님,윤성준,(주)퍼스트런,2020-05-27,장편,한국,141,137625200,22330,"70,632,000","13,607",드라마,전체관람가,독립/예술영화
엘리제궁의 요리사,크리스티앙 뱅상,판씨네마(주),2015-03-19,장편,프랑스,112,168546500,22173,"101,654,100","12,833",코미디,12세관람가,독립/예술영화
파워배틀 와치카: 와치가면의 역습,"이영준,김래경",(주)삼지애니메이션,2017-06-01,장편,한국,246,153909000,22110,"23,060,800","2,968",애니메이션,전체관람가,일반영화
크로우즈 제로,미이케 다카시,(주)쇼박스,2008-07-02,장편,일본,252,142006500,22097,"55,009,000","8,036",스릴러,15세관람가,일반영화
엔들리스 러브,샤나 페스트,유니버설픽쳐스인터내셔널 코리아(유),2014-03-13,장편,미국,210,165237000,22091,"70,357,900","9,238",드라마,15세관람가,일반영화
사이비,연상호,(주)넥스트엔터테인먼트월드(NEW),2013-11-21,장편,한국,76,164274900,22070,"105,078,400","13,761",애니메이션,청소년관람불가,독립/예술영화
드래곤볼 Z : 부활의 F,야마무로 타다요시,(주)씨제이이엔엠,2015-10-01,장편,일본,76,164947600,22025,"47,206,800","6,201",애니메이션,전체관람가,일반영화
까밀 리와인드,노에미 르보브스키,(주)엣나인필름,2013-07-18,장편,프랑스,27,163969000,22006,"126,533,500","16,294",드라마,15세관람가,독립/예술영화
솔라리스,스티븐 소더버그,이십세기폭스필름코퍼레이션,2003-04-18,장편,미국,0,0,22000,0,"9,300",SF,12세관람가,일반영화
아이 캔 온리 이매진,"앤드류 어윈,존 어윈",(주)영화사 그램,2018-06-21,장편,미국,156,181653600,21978,"70,712,300","8,605",드라마,12세관람가,독립/예술영화
아이 엠 우먼,문은주,(주)팝엔터테인먼트,2021-01-14,장편,기타,494,178046740,21974,"77,798,100","10,424",드라마,15세관람가,독립/예술영화
터닝메카드W: 반다인의 비밀 특별판,홍헌표,(주)제이앤씨미디어그룹,2018-02-08,장편,한국,168,164797700,21947,"32,933,500","4,326",애니메이션,전체관람가,일반영화
천하무적 키코리키,데니스 체르노프,와이드 릴리즈(주),2014-07-17,장편,기타,186,149655900,21889,"24,159,500","3,218",애니메이션,전체관람가,독립/예술영화
원더 휠,우디 앨런,(주)팝엔터테인먼트,2018-01-25,장편,미국,140,173610195,21884,"119,453,295","14,696",드라마,15세관람가,독립/예술영화
이스턴 프라미스,데이빗 크로넨버그,(유)마스엔터테인먼트코리아,2008-12-11,장편,미국,15,156250340,21857,"120,268,500","16,478",드라마,청소년관람불가,독립/예술영화
씨노이블,그레고리 다크,(주)미로비젼,2007-06-28,장편,미국,0,0,21854,0,"6,293",공포(호러),청소년관람불가,일반영화
행복 목욕탕,나카노 료타,(주)디스테이션,2017-03-23,장편,일본,103,168599600,21797,"84,991,400","10,441",가족,12세관람가,독립/예술영화
숲속왕국의 꿀벌 여왕,"아르나드 부롱,안톤 크링스",(주)팝엔터테인먼트,2019-03-14,장편,프랑스,372,167524990,21732,"26,276,460","3,250",애니메이션,전체관람가,독립/예술영화
레이드 : 첫번째 습격,가렛 에반스,(주)씨제이이엔엠,2012-05-17,장편,기타,120,163320500,21705,"58,692,500","7,488",액션,청소년관람불가,일반영화
남매의 여름밤,윤단비,그린나래미디어(주),2020-08-20,장편,한국,133,179994602,21692,"118,953,042","13,786",드라마,전체관람가,독립/예술영화
시크릿 인 데어 아이즈,빌리 레이,판씨네마(주),2016-04-27,장편,미국,186,162031200,21692,"58,132,000","7,609",미스터리,15세관람가,일반영화
히야,김지연,(주)라이크콘텐츠,2016-03-10,장편,한국,124,173844100,21687,"58,521,200","7,007",드라마,12세관람가,일반영화
아스테릭스: 미션 올림픽 게임,프레더릭 포레스티에,(주)넥스트엔터테인먼트월드(NEW),2009-06-18,장편,프랑스,115,136849632,21678,"45,546,500","6,860",코미디,12세관람가,일반영화
"안녕, 나의 소울메이트",증국상,(주)나이너스엔터테인먼트,2017-12-07,장편,기타,165,169017300,21659,"77,131,600","9,334",드라마,15세관람가,독립/예술영화
클림트,라울 루이즈,(주)스폰지이엔티,2006-06-29,장편,독일,0,0,21647,0,"16,651",드라마,청소년관람불가,독립/예술영화
인베이젼 2020,표도르 본다르추크,(주)제이앤씨미디어그룹,2020-07-01,장편,기타,354,179135260,21609,"46,098,440","5,411",SF,12세관람가,일반영화
차일드 44,다니엘 에스피노사,(주)넥스트엔터테인먼트월드(NEW),2015-05-28,장편,미국,145,168643231,21604,"74,193,331","9,219",스릴러,청소년관람불가,일반영화
사이코패스,미키 키팅,제인앤유,2019-09-18,장편,미국,1,62031400,21603,"62,030,400","21,602",공포(호러),청소년관람불가,일반영화
내게 남은 사랑을,진광교,(주)무빙픽쳐스컴퍼니,2017-11-02,장편,한국,156,135610600,21599,"25,564,000","3,190",드라마,12세관람가,독립/예술영화
나쁜 교육,페드로 알모도바르,해피송,2004-09-17,장편,기타,0,0,21586,0,"17,810",드라마,청소년관람불가,독립/예술영화
빌리 엘리어트 뮤지컬 라이브,스티븐 달드리,유니버설픽쳐스인터내셔널 코리아(유),2014-11-27,장편,미국,37,395284000,21571,"298,489,000","16,162",뮤지컬,전체관람가,일반영화
무문관,박대원,영화사 마농(주),2018-04-19,장편,한국,43,164068700,21506,"31,213,800","3,805",다큐멘터리,전체관람가,독립/예술영화
초속5센티미터,신카이 마코토,(주)미디어캐슬,2007-06-21,장편,일본,3,0,21448,0,"21,448",애니메이션,전체관람가,독립/예술영화
초원의 왕 도제,코지마 마사유키,(주)나이너스엔터테인먼트,2014-03-27,장편,일본,192,148292600,21424,"34,910,800","4,903",애니메이션,전체관람가,독립/예술영화
뱅드림! 로젤리아 에피소드Ⅰ: 약속,카키모토 코다이,(주)애니플러스,2021-06-03,장편,일본,141,193717790,21402,"76,627,110","7,735",애니메이션,전체관람가,일반영화
아마조니아,티에리 라고베르트,(주)영화사 빅,2015-08-05,장편,프랑스,105,150680200,21318,"54,069,000","7,131",다큐멘터리,전체관람가,독립/예술영화
그랑블루 리마스터링 감독판,뤽 베송,(주)팝파트너스,2013-07-25,장편,프랑스,34,162955000,21306,"127,360,000","16,279",멜로/로맨스,15세관람가,독립/예술영화
이브 생 로랑,자릴 레스페르,(주)블룸즈베리파트너스,2014-06-26,장편,프랑스,53,166422300,21280,"112,235,300","14,017",드라마,청소년관람불가,독립/예술영화
잃어버린 세계를 찾아서,크리스 버틀러,(주)이수C&E,2019-10-09,장편,미국,279,161271360,21252,"29,301,900","3,641",애니메이션,전체관람가,일반영화
죄 많은 소녀,김의석,CGV아트하우스,2018-09-13,장편,한국,70,181560450,21243,"116,075,600","13,068",드라마,15세관람가,독립/예술영화
극장판 소드 아트 온라인 -프로그레시브- 짙은 어둠의 스케르초,카와노 아야코,(주)애니플러스,2022-11-10,장편,일본,89,234412900,21241,"80,502,700","7,376",애니메이션,12세관람가,일반영화
"지금, 이대로가 좋아요",부지영,(주)엣나인필름,2009-04-23,장편,한국,10,143001910,21212,"111,479,000","16,176",드라마,15세관람가,독립/예술영화
피노키오,로베르토 베니니,기타,2003-07-16,장편,기타,0,0,21200,0,"7,900",가족,전체관람가,일반영화
리즈와 파랑새,야마다 나오코,(주)디스테이션,2018-10-09,장편,일본,214,174140400,21153,"75,602,900","9,027",애니메이션,전체관람가,독립/예술영화
휘트니,케빈 맥도널드,판씨네마(주),2018-08-23,장편,미국,80,173620027,21094,"118,319,827","13,787",드라마,15세관람가,독립/예술영화
플레이스 비욘드 더 파인즈,데릭 시엔프랜스,(주)미디어데이,2013-08-01,장편,미국,30,156138000,21088,"82,317,500","10,944",범죄,청소년관람불가,독립/예술영화
프로메어,이마이시 히로유키,(주)영화사 그램,2022-10-20,장편,일본,63,233201967,21086,"186,880,850","16,554",애니메이션,15세관람가,독립/예술영화
스테이션 7,클림 시펜코,(주)영화사 진진,2017-12-07,장편,기타,239,157001100,21071,"57,796,300","7,489",액션,12세관람가,독립/예술영화
폼포코 너구리 대작전,다카하타 이사오,대원씨앤에이홀딩스,2005-04-28,장편,일본,0,0,21061,0,"17,219",애니메이션,전체관람가,일반영화
유고와 라라 : 신비의 숲 어드벤처,왕운비,(주)프레인글로벌,2014-10-02,장편,중국,167,146859000,21053,"29,297,500","3,827",애니메이션,전체관람가,일반영화
다이노 헌터: 티렉스VS파키리노 대격돌,"닐 나이팅게일,베리 쿡,앤드류 코헨",(주)박수엔터테인먼트,2018-05-17,장편,영국,168,169760400,20979,"34,322,200","3,993",애니메이션,전체관람가,독립/예술영화
스테이지 뷰티,리차드 이어,㈜메가박스,2007-10-03,장편,영국,0,0,20976,0,"11,252",드라마,청소년관람불가,일반영화
싸이보그 그녀,곽재용,(주)넥스트엔터테인먼트월드(NEW),2009-05-14,장편,한국,112,138415038,20975,"65,894,000","9,591",코미디,12세관람가,일반영화
그랜드 피아노,유지니오 미라,와이드 릴리즈(주),2014-04-17,장편,기타,95,149337000,20961,"59,495,000","8,104",스릴러,15세관람가,독립/예술영화
리코리쉬 피자,폴 토마스 앤더슨,유니버설픽쳐스인터내셔널 코리아(유),2022-02-16,장편,미국,222,210795200,20902,"132,598,540","12,970",멜로/로맨스,15세관람가,독립/예술영화
연을 쫓는 아이,마크 포스터,(주)씨제이이엔엠,2008-03-13,장편,미국,28,125941667,20896,"73,481,667","12,127",드라마,12세관람가,일반영화
아기기린 자라파,"레미 베잔송,장-클리스토페 리에",롯데쇼핑㈜롯데엔터테인먼트,2013-02-14,장편,프랑스,87,133077000,20811,"36,139,500","5,336",애니메이션,전체관람가,일반영화
나쁜 나라,"김진열,이수정,정일건",<나쁜 나라> 배급위원회,2015-12-03,장편,한국,19,139403400,20803,"60,590,000","8,452",다큐멘터리,12세관람가,독립/예술영화
미치고 싶을 때,파티 아킨,제이에스필름,2004-11-12,장편,독일,0,0,20798,0,"11,178",드라마,청소년관람불가,독립/예술영화
콜링 인 러브,제임스 도드슨,㈜케이디미디어,2010-03-25,장편,미국,68,153395877,20796,"51,562,500","6,690",멜로/로맨스,15세관람가,일반영화
유령선,김지영,(주)엣나인필름,2020-04-15,장편,한국,165,181933920,20784,"68,207,300","7,684",다큐멘터리,12세관람가,독립/예술영화
프린세스 아야,이성강,씨제이 씨지브이(CJ CGV)(주),2022-09-21,장편,한국,348,162670896,20761,"53,724,900","7,120",판타지,전체관람가,일반영화
워리어,게빈 오코너,(주)화앤담이엔티,2011-11-02,장편,미국,142,150308500,20702,"56,519,500","7,423",드라마,15세관람가,일반영화
TAR 타르,토드 필드,유니버설픽쳐스인터내셔널 코리아(유),2023-02-22,장편,미국,197,208721573,20698,"117,386,316","11,584",드라마,15세관람가,일반영화
"키리쿠, 키리쿠","미셸 오슬로,베네딕트 갈룹",(주)동숭아트센터,2006-05-04,장편,프랑스,0,0,20644,0,"20,644",애니메이션,전체관람가,일반영화
호밀밭의 반항아,대니 스트롱,(주)트리플픽쳐스,2018-10-18,장편,미국,68,171864157,20631,"106,648,757","12,433",드라마,12세관람가,독립/예술영화
날아라 펭귄,임순례,스튜디오느림보,2009-09-24,장편,한국,45,144886101,20599,"92,019,000","12,662",드라마,전체관람가,독립/예술영화
리노,라파엘 리바스,(주)스톰픽쳐스코리아,2019-03-07,장편,기타,322,153622020,20513,"24,327,300","2,965",애니메이션,전체관람가,독립/예술영화
플라이트,로버트 저메키스,(주)씨제이이엔엠,2013-02-28,장편,미국,79,150391500,20491,"84,781,500","11,107",드라마,청소년관람불가,일반영화
배틀로얄 2 - 레퀴엠,"후카사쿠 킨지,후카사쿠 켄타",(주)동아수출공사,2004-04-09,장편,일본,0,0,20488,0,"5,955",액션,15세관람가,일반영화
초코초코 대작전,하마나 타카유키,롯데쇼핑㈜롯데엔터테인먼트,2009-05-01,장편,일본,35,120518128,20463,"36,804,500","5,956",애니메이션,전체관람가,일반영화
세기의 매치,에드워드 즈윅,판씨네마(주),2016-01-28,장편,미국,187,155570400,20448,"72,568,500","9,307",드라마,12세관람가,독립/예술영화
프란츠,프랑수아 오종,찬란,2017-07-20,장편,프랑스,47,149038100,20437,"103,884,200","13,725",멜로/로맨스,12세관람가,독립/예술영화
은하수를 여행하는 히치하이커를 위한 안내서,가스 제닝스,브에나비스타인터내셔널코리아,2005-08-26,장편,미국,0,0,20430,0,"20,430",SF,전체관람가,일반영화
토너먼트,스콧 만,주식회사 마운틴픽쳐스,2010-09-02,장편,영국,31,163080429,20427,"67,732,000","8,344",액션,청소년관람불가,일반영화
불량공주 모모코,나카시마 테츠야,(주)씨제이이엔엠,2005-09-02,장편,일본,0,0,20388,0,"9,520",드라마,15세관람가,일반영화
세브란스,크리스토퍼 스미스,(주)미로비젼,2007-11-08,장편,영국,0,0,20380,0,"15,266",공포(호러),청소년관람불가,일반영화
팬데믹,기타,(주)영화사 빅,2020-07-22,장편,미국,382,176181960,20355,"39,518,480","4,459",스릴러,15세관람가,독립/예술영화
브로큰 플라워,짐 자무시,스폰지,2005-12-08,장편,미국,0,0,20323,0,"19,461",코미디,청소년관람불가,일반영화
비밀정보원: 인 더 프리즌,안드레아 디 스테파노,(주)제이앤씨미디어그룹,2020-04-15,장편,영국,200,172588940,20317,"64,964,580","7,585",범죄,청소년관람불가,일반영화
말임씨를 부탁해,박경목,(주)씨네필운,2022-04-13,장편,한국,197,153832670,20295,"40,039,030","5,062",드라마,전체관람가,독립/예술영화
어크로스 더 유니버스,줄리 테이머,한국소니픽쳐스릴리징브에나비스타영화㈜,2008-02-14,장편,미국,4,142189500,20259,"139,635,500","19,843",멜로/로맨스,15세관람가,일반영화
로얄 어페어,니콜라이 아르셀,(주)화인픽쳐스,2012-12-27,장편,기타,17,156839100,20258,"113,390,100","14,189",멜로/로맨스,청소년관람불가,독립/예술영화
아무도 없는 곳,김종관,(주)엣나인필름,2021-03-31,장편,한국,374,174220200,20221,"88,075,250","9,788",드라마,15세관람가,독립/예술영화
오토기리소우,시모야마 텐,무비즈엔터테인먼트㈜,2004-04-23,장편,일본,0,0,20199,0,"1,123",공포(호러),15세관람가,일반영화
바그다드 카페 : 디렉터스컷,퍼시 애들론,주식회사 왓챠,2016-07-14,장편,독일,59,147129809,20195,"71,251,809","9,202",코미디,15세관람가,독립/예술영화
극장판 뛰뛰빵빵 구조대 미션: 둥둥이를 구하라!,방형우,플러스엠 엔터테인먼트,2014-08-07,장편,한국,91,133926800,20175,"29,925,100","4,251",애니메이션,전체관람가,일반영화
쏘우-여섯번의 기회,케빈 그루터트,(주)빅버젯,2010-01-07,장편,미국,52,161215143,20116,"50,442,000","6,137",공포(호러),청소년관람불가,일반영화
추억의 검정고무신,송정율,(주)대교 미디어콘텐츠사업본부,2020-11-19,장편,한국,215,162083100,20113,"29,092,500","3,247",애니메이션,전체관람가,독립/예술영화
천안함 프로젝트,백승우,(주)아우라픽처스,2013-09-05,장편,한국,33,150123500,20085,"88,207,000","10,688",다큐멘터리,12세관람가,독립/예술영화
스틸워터,토마스 맥카시,씨제이 씨지브이(CJ CGV)(주),2021-10-06,장편,미국,363,165102500,20079,"61,417,740","7,658",범죄,15세관람가,독립/예술영화
미드 90,조나 힐,오드,2019-09-25,장편,미국,107,165388288,20069,"124,925,408","14,675",드라마,청소년관람불가,독립/예술영화
완전 소중한 사랑,김진민,주식회사 마운틴픽쳐스,2013-11-21,장편,한국,66,127694500,20063,"63,710,000","9,850",드라마,12세관람가,일반영화
난 그녀와 키스했다,"막심 고바레,노에미 사글리오",(주)엣나인필름,2015-07-22,장편,프랑스,53,155762798,20056,"128,464,398","16,014",코미디,청소년관람불가,독립/예술영화
파수꾼,윤성현,필라멘트픽쳐스,2011-03-03,장편,한국,20,158207700,20041,"119,278,700","14,826",드라마,15세관람가,독립/예술영화
사랑의 침묵,마이클 화이트,(주)영화사 진진,2012-10-11,장편,영국,25,131870500,20017,"78,270,000","11,380",다큐멘터리,전체관람가,독립/예술영화
맨츄리안 캔디데이트,조나단 드미,UIP코리아,2005-03-11,장편,미국,0,0,20000,0,"6,419",스릴러,15세관람가,일반영화
극장판 어드벤처 타임: 비밀의 아일랜드,엘리자베스 이토,(주)팝엔터테인먼트,2017-04-13,장편,미국,125,163679600,19986,"42,688,900","4,756",애니메이션,전체관람가,일반영화
빌리 진 킹: 세기의 대결,"발레리 페리스,조나단 데이턴",이십세기폭스코리아(주),2017-11-16,장편,미국,135,158734000,19952,"95,144,100","11,760",코미디,15세관람가,일반영화
러브레이스,"롭 엡스타인,제프리 프리드먼",씨너스엔터테인먼트(주),2013-10-17,장편,미국,154,139215138,19933,"75,665,138","10,548",드라마,청소년관람불가,독립/예술영화
에이트 빌로우,프랭크 마샬,브에나비스타인터내셔널코리아,2006-04-06,장편,미국,0,0,19922,0,"6,584",어드벤처,전체관람가,일반영화
60만번의 트라이,"박사유,박돈사",㈜인디스토리,2014-09-18,장편,한국,76,136608300,19919,"63,538,300","8,735",다큐멘터리,12세관람가,독립/예술영화
나의 히어로 아카데미아 더 무비: 두 명의 히어로,나가사키 켄지,(주)리틀빅픽쳐스,2019-05-16,장편,일본,85,162979210,19917,"67,467,000","7,926",애니메이션,전체관람가,일반영화
대학살의 신,로만 폴란스키,판씨네마(주),2012-08-16,장편,프랑스,36,147873500,19917,"118,203,000","15,476",드라마,15세관람가,독립/예술영화
세상의 끝까지 21일,로렌 스카파리아,(주)드림웨스트픽쳐스,2013-08-14,장편,미국,25,147141500,19897,"94,873,500","12,508",드라마,15세관람가,독립/예술영화
"화성아이, 지구아빠",메노 메이제스,씨제이 씨지브이(CJ CGV)(주),2008-02-14,장편,미국,16,128656500,19856,"55,286,000","8,309",코미디,전체관람가,일반영화
카메라를 멈추면 안 돼!,우에다 신이치로,(주)디오시네마,2018-08-23,장편,일본,57,173409766,19846,"146,671,766","16,273",공포(호러),15세관람가,독립/예술영화
보이저스,닐 버거,TCO(주)더콘텐츠온,2021-05-26,장편,미국,387,166586500,19814,"63,844,510","7,539",SF,15세관람가,일반영화
시원찮은 그녀를 위한 육성방법 피날레,기타,(주)애니플러스,2020-02-27,장편,일본,71,166987960,19738,"75,422,460","8,607",애니메이션,12세관람가,일반영화
첫눈,한상희,(주)씨제이이엔엠,2007-11-01,장편,한국,0,0,19734,0,"9,283",드라마,12세관람가,일반영화
파괴자들,올리버 스톤,유니버설픽쳐스인터내셔널 코리아(유),2012-10-31,장편,미국,171,141102068,19716,"52,745,568","7,088",액션,청소년관람불가,일반영화
울지마 톤즈 2 : 슈크란 바바,강성옥,(주)영화특별시에스엠씨,2020-01-09,장편,한국,232,144149940,19632,"56,050,880","7,366",다큐멘터리,전체관람가,독립/예술영화
커플 테라피: 대화가 필요해,피터 빌링슬레이,유니버설픽쳐스인터내셔널 코리아(유),2010-02-25,장편,미국,66,150557480,19623,"63,972,500","7,997",코미디,15세관람가,일반영화
더 킹: 헨리 5세,데이비드 미쇼,판씨네마(주),2019-10-23,장편,기타,146,150538820,19610,"86,404,880","10,703",드라마,청소년관람불가,독립/예술영화
극장판 가면라이더 이그제이드: 트루 엔딩,나카자와 쇼지로,(주)이수C&E,2018-10-09,장편,일본,326,154121050,19598,"34,778,400","4,120",액션,전체관람가,일반영화
라이프,안톤 코르빈,(주)영화사오원,2015-10-15,장편,기타,99,155668185,19596,"100,206,485","12,230",드라마,15세관람가,독립/예술영화
판타스틱 Mr. 폭스,웨스 앤더슨,이십세기폭스코리아(주),2009-12-24,장편,미국,11,145734874,19590,"98,208,000","13,114",애니메이션,전체관람가,일반영화
웨딩스캔들,신동엽,(주)마인스 엔터테인먼트,2012-09-06,장편,한국,121,124977000,19569,"16,675,500","2,417",코미디,15세관람가,일반영화
칠드런 오브 맨,알폰소 쿠아론,영화사 마농(주),2016-09-22,장편,영국,56,160639200,19548,"85,781,800","10,249",SF,15세관람가,독립/예술영화
픽시,"바시코 베도슈빌리,이반 프숀킨,안드레이 콜핀",(주)팝엔터테인먼트,2018-08-23,장편,기타,268,139428100,19508,"24,861,000","3,108",애니메이션,전체관람가,독립/예술영화
D-day-어느날 갑자기 세번째 이야기,김은경,(주)씨제이이엔엠,2006-08-03,장편,한국,0,0,19488,0,"7,430",공포(호러),15세관람가,일반영화
엄마,아이리스 심,소니픽쳐스엔터테인먼트코리아주식회사극장배급지점,2022-05-11,장편,미국,190,169848800,19485,"44,159,000","5,475",스릴러,12세관람가,일반영화
물의 기억,진재운,롯데컬처웍스(주)롯데엔터테인먼트,2019-05-15,장편,한국,108,111262080,19484,"46,620,480","8,631",다큐멘터리,전체관람가,독립/예술영화
디스커넥트,헨리 알렉스 루빈,(주)영화사 빅,2013-11-07,장편,미국,113,140642204,19460,"74,815,704","9,932",드라마,청소년관람불가,독립/예술영화
B급 며느리,선호빈,(주)에스와이코마드,2018-01-17,장편,한국,56,152139100,19459,"83,012,200","9,976",다큐멘터리,12세관람가,독립/예술영화
스페이스 독 2,"이나 예블라니코바,알렉산더 크람초프,바딤 소츠코프",(주)지어소프트,2014-12-11,장편,기타,108,121383600,19445,"20,166,800","3,075",애니메이션,전체관람가,일반영화
사랑도 흥정이 되나요?,베르트랑 블리에,(주)엠케이픽처스,2006-07-27,장편,프랑스,0,0,19434,0,"9,374",코미디,청소년관람불가,일반영화
"나의 위대한 친구, 세잔",다니엘르 톰슨,그린나래미디어(주),2016-12-15,장편,프랑스,49,141170700,19426,"93,074,300","12,491",드라마,15세관람가,독립/예술영화
사막에서 연어낚시,라세 할스트롬,(주)나이너스엔터테인먼트,2014-10-16,장편,영국,92,147212500,19423,"83,210,000","10,787",드라마,12세관람가,독립/예술영화
지구공룡대탐험,데이빗 크렌츠,와이드 릴리즈(주),2019-08-15,장편,미국,265,148474640,19419,"28,476,910","3,371",애니메이션,전체관람가,독립/예술영화
테이크다운,에란 크리비,(주)에스비에스콘텐츠허브,2013-04-18,장편,영국,138,135780500,19415,"45,801,500","6,265",액션,15세관람가,독립/예술영화
립반윙클의 신부,이와이 슌지,TCO(주)더콘텐츠온,2016-09-28,장편,일본,85,156603300,19412,"100,925,800","12,163",드라마,15세관람가,독립/예술영화
커터,정희성,(주)스톰픽쳐스코리아,2016-03-30,장편,한국,199,151165500,19405,"40,502,500","5,076",범죄,청소년관람불가,독립/예술영화
마릴린 먼로와 함께한 일주일,사이먼 커티스,(주)싸이더스,2012-02-29,장편,영국,81,148370000,19387,"100,662,500","12,831",드라마,15세관람가,일반영화
트립 투 이탈리아,마이클 윈터바텀,찬란,2015-06-04,장편,영국,51,148342200,19376,"102,252,900","12,714",코미디,15세관람가,독립/예술영화
플래닛 테러,로버트 로드리게즈,롯데쇼핑㈜롯데엔터테인먼트,2008-07-02,장편,미국,111,124562500,19324,"53,392,000","7,883",액션,청소년관람불가,독립/예술영화
트루스,제임스 밴더빌트,(주)라이크콘텐츠,2016-08-24,장편,미국,123,151967000,19315,"54,804,500","6,786",드라마,15세관람가,독립/예술영화
한산 리덕스,김한민,롯데컬처웍스(주)롯데엔터테인먼트,2022-11-16,장편,한국,202,169259176,19314,"75,339,081","9,100",액션,12세관람가,일반영화
이레셔널 맨,우디 앨런,(주)프레인글로벌,2016-07-21,장편,미국,40,155721500,19287,"104,485,500","12,496",범죄,청소년관람불가,독립/예술영화
부니베어: 나무 도둑의 습격,정량,예지림엔터테인먼트,2017-09-14,장편,중국,245,129228400,19267,"19,555,800","2,415",애니메이션,전체관람가,독립/예술영화
뱅드림! 필름 라이브,우메츠 토모미,(주)애니플러스,2019-09-26,장편,일본,78,166464110,19264,"101,295,320","11,077",애니메이션,전체관람가,일반영화
달팽이의 별,이승준,(주)영화사조아,2012-03-22,장편,한국,34,132937800,19252,"68,502,300","9,309",다큐멘터리,전체관람가,독립/예술영화
애프터: 관계의 함정,캐스틸 랜던,판씨네마(주),2021-10-27,장편,미국,378,167960050,19246,"66,481,170","7,841",멜로/로맨스,15세관람가,일반영화
애프터 웨딩 인 뉴욕,바트 프룬디치,(주)영화사 진진,2020-04-23,장편,영국,169,157346280,19241,"91,169,220","11,103",드라마,12세관람가,독립/예술영화
레토,키릴 세레브렌니코프,(주)엣나인필름,2019-01-03,장편,기타,112,166459680,19221,"112,538,880","12,338",드라마,15세관람가,독립/예술영화
엘 시크레토 : 비밀의 눈동자,후안 호세 캄파넬라,(주) 포커스픽쳐,2010-11-11,장편,기타,10,144060033,19214,"120,653,000","15,892",드라마,15세관람가,독립/예술영화
블라인드,타마르 반 덴 도프,주식회사 컨텐츠썬,2021-01-14,장편,기타,239,165291800,19142,"62,574,200","7,190",드라마,15세관람가,일반영화
에코,데이브 그린,(주)박수엔터테인먼트,2014-10-08,장편,미국,154,138735100,19142,"42,816,200","5,670",SF,전체관람가,독립/예술영화
소녀,최진성,(주)씨제이이엔엠,2013-11-07,장편,한국,73,142456000,18996,"50,116,500","6,418",멜로/로맨스,청소년관람불가,독립/예술영화
애프터 러브,파우스토 브리찌,라인트리엔터테인먼트,2010-01-21,장편,기타,13,149149711,18966,"123,786,000","15,632",멜로/로맨스,청소년관람불가,독립/예술영화
부도리의 꿈,스기이 기사부로,(주)나이너스엔터테인먼트,2013-01-30,장편,일본,117,123582500,18940,"33,420,500","4,718",애니메이션,전체관람가,일반영화
슈퍼처방전,대니 분,(주)영화사 빅,2014-12-10,장편,프랑스,144,140161000,18919,"60,681,400","8,042",코미디,12세관람가,독립/예술영화
극장판 전생했더니 슬라임이었던 건에 대하여: 홍련의 인연편,키쿠치 야스히토,(주)애니플러스,2023-02-02,장편,일본,123,193259734,18884,"51,264,195","4,669",애니메이션,15세관람가,일반영화
내겐 너무 사랑스러운 그녀,크레이그 질레스피,(주)누리픽쳐스,2008-03-20,장편,미국,20,95680000,18883,"44,250,000","8,186",코미디,15세관람가,일반영화
상실의 시대,트란 안 홍,예지림엔터테인먼트,2011-04-21,장편,일본,53,144737800,18872,"95,539,300","12,282",드라마,청소년관람불가,독립/예술영화
어제 일은 모두 괜찮아,이성한,(주)삼백상회,2019-11-21,장편,한국,87,134969280,18851,"70,499,940","9,783",드라마,15세관람가,독립/예술영화
토마스와 친구들 - 극장판 3,그렉 티어넌,에이원엔터테인먼트,2011-05-05,장편,영국,110,130641500,18845,"50,024,500","7,122",애니메이션,전체관람가,일반영화
누구에게나 찬란한,임유철,CGV아트하우스,2014-11-06,장편,한국,51,126378400,18804,"44,236,000","5,764",다큐멘터리,전체관람가,독립/예술영화
강호,황정보,쇼이스트(주),2004-10-22,장편,기타,0,0,18800,0,"5,100",액션,청소년관람불가,일반영화
프란치스코,베다 도캄포 페이주,스튜디오 프로그레시브 인큐베이터,2016-03-10,장편,기타,184,131126849,18799,"51,031,100","6,934",드라마,12세관람가,독립/예술영화
여행자,우니 르콩트,(주)영화사 진진,2009-10-29,장편,한국,59,135668849,18797,"74,905,100","10,229",드라마,12세관람가,독립/예술영화
씨비스킷,게리 로스,월트디즈니코리아㈜,2003-11-21,장편,미국,0,0,18793,0,"9,323",드라마,12세관람가,일반영화
돼지의 왕,연상호,KT&G 상상마당 영화사업팀 컴퍼니에스에스(주),2011-11-03,장편,한국,22,144815800,18769,"106,865,300","13,218",애니메이션,청소년관람불가,독립/예술영화
슬립리스: 크리미널 나이트,바란 보 오다르,(주)엘지유플러스,2017-03-08,장편,미국,158,146025800,18740,"48,349,500","6,136",액션,15세관람가,일반영화
웨일 라이더,니키 카로,무비즈엔터테인먼트㈜,2004-10-08,장편,기타,0,0,18723,0,"9,838",드라마,전체관람가,독립/예술영화
드라이브,니콜라스 윈딩 레픈,주식회사 풍경소리,2011-11-17,장편,미국,76,144975500,18715,"76,691,500","9,698",액션,청소년관람불가,독립/예술영화
로렌스 애니웨이,자비에 돌란,(주)엣나인필름,2013-12-19,장편,기타,27,149119856,18705,"125,833,856","15,173",멜로/로맨스,15세관람가,독립/예술영화
미스 스티븐스,줄리아 하트,(주)티캐스트,2019-05-02,장편,미국,64,155547810,18652,"97,399,210","11,329",드라마,12세관람가,독립/예술영화
숏버스,존 카메론 밋첼,실버스푼,2009-03-12,장편,미국,51,126613193,18621,"60,575,400","8,503",드라마,청소년관람불가,독립/예술영화
퀸 락 몬트리올,솔 스위머,㈜씨에이엔,2009-07-30,장편,영국,6,179577010,18545,"141,920,000","14,544",다큐멘터리,전체관람가,독립/예술영화
방울토마토,정영배,무비즈엔터테인먼트㈜,2008-05-29,장편,한국,83,115388000,18533,"36,080,000","5,515",가족,12세관람가,일반영화
프리! 더 파이널 스트로크 후편,카와나미 에이사쿠,(주)애니플러스,2022-06-30,장편,일본,83,188961979,18526,"92,303,660","8,668",애니메이션,전체관람가,일반영화
꼬마영웅 바비,지안밍 후앙,와이드 릴리즈(주),2018-05-30,장편,중국,317,138398000,18509,"23,082,300","2,704",애니메이션,전체관람가,일반영화
체리마호: 30살까지 동정이면 마법사가 될 수 있대,카자마 히로키,(주)영화사 그램,2022-07-13,장편,일본,56,164247600,18501,"108,501,300","12,654",판타지,12세관람가,독립/예술영화
비기너스,마이크 밀스,유니버설픽쳐스인터내셔널 코리아(유),2011-11-10,장편,미국,11,146055000,18489,"127,575,500","15,843",드라마,15세관람가,독립/예술영화
섬. 사라진 사람들,이지승,(주)콘텐츠판다,2016-03-03,장편,한국,206,148749900,18485,"27,016,600","3,274",스릴러,15세관람가,독립/예술영화
너에게 가는 길,변규리,(주)엣나인필름,2021-11-17,장편,한국,56,160073700,18458,"117,010,790","12,992",다큐멘터리,12세관람가,독립/예술영화
원 위크,마이클 맥고완,실버스푼,2009-09-24,장편,기타,17,136477675,18454,"86,744,600","11,534",드라마,12세관람가,독립/예술영화
그 후,홍상수,(주)영화제작전원사,2017-07-06,장편,한국,168,140655508,18440,"88,142,308","11,110",드라마,청소년관람불가,독립/예술영화
드림빌더,기타,(주)트리플픽쳐스,2021-02-10,장편,기타,327,156030640,18421,"52,148,250","6,142",애니메이션,전체관람가,독립/예술영화
드래곤볼 슈퍼: 슈퍼 히어로,코다마 테츠로,소니픽쳐스엔터테인먼트코리아주식회사극장배급지점,2022-09-14,장편,일본,360,200760639,18387,"73,289,048","6,358",애니메이션,12세관람가,일반영화
연애,오석근,(주)씨제이이엔엠,2005-12-09,장편,한국,0,0,18383,0,"4,142",드라마,청소년관람불가,일반영화
아이 앰 히스 레저,"아드리안 부이텐후이스,데릭 머레이",오드,2017-10-19,장편,기타,139,149648439,18367,"104,757,539","12,610",다큐멘터리,12세관람가,독립/예술영화
팻 걸,까트린느 브레이야,㈜영화사 백두대간,2004-08-20,장편,프랑스,0,0,18351,0,"15,106",드라마,청소년관람불가,일반영화
마법경찰 갈갈이와 옥동자,이한열,콜럼비아트라이스타㈜,2004-02-13,장편,한국,0,0,18346,0,"2,615",코미디,전체관람가,일반영화
다음 침공은 어디?,마이클 무어,판씨네마(주),2016-09-08,장편,미국,32,142943700,18342,"97,281,900","12,070",다큐멘터리,15세관람가,독립/예술영화
니얼굴,서동일,(주)영화사 진진,2022-06-23,장편,한국,65,163265600,18338,"90,822,200","9,613",다큐멘터리,전체관람가,독립/예술영화
비포 : 치즈와 초콜릿을 찾아서,이도 엔젤,(주)영화사 빅,2014-07-10,장편,기타,90,123727000,18310,"27,221,000","3,697",애니메이션,전체관람가,독립/예술영화
강철비2 : 정상회담 확장판,양우석,롯데컬처웍스(주)롯데엔터테인먼트,2020-09-30,장편,한국,126,89922500,18306,"28,311,500","7,243",드라마,15세관람가,일반영화
아이들은 즐겁다,이지원,플러스엠 엔터테인먼트,2021-05-05,장편,한국,445,156107670,18302,"49,065,060","6,010",드라마,전체관람가,독립/예술영화
동백,신준영,시네마 뉴원,2021-10-21,장편,한국,60,133034770,18272,"5,308,270","1,087",드라마,12세관람가,독립/예술영화
무민 더 무비,자비에 피카르,(주)팝엔터테인먼트,2015-08-13,장편,기타,161,132866700,18254,"62,120,300","8,013",애니메이션,전체관람가,독립/예술영화
트와이스랜드,기타,씨제이 씨지브이(CJ CGV)(주),2018-12-07,장편,한국,53,153765000,18252,"70,742,500","8,086",다큐멘터리,전체관람가,일반영화
쿼바디스,김재환,주식회사 단유필름,2014-12-10,장편,한국,15,136837500,18248,"90,880,200","11,572",다큐멘터리,12세관람가,독립/예술영화
신서유기 : 몽키킹의 부활,텐 샤오펑,예지림엔터테인먼트,2017-11-02,장편,중국,212,129357400,18247,"24,143,100","3,109",액션,전체관람가,독립/예술영화
스페이스 잼: 새로운 시대,말콤 D. 리,워너브러더스 코리아(주),2021-07-15,장편,미국,521,165586380,18241,"38,954,950","3,943",애니메이션,전체관람가,일반영화
액슬,올리버 달리,(주)팝엔터테인먼트,2018-10-18,장편,미국,149,153698800,18219,"53,990,600","6,197",액션,12세관람가,일반영화
택스 콜렉터,데이비드 에이어,(주)팝엔터테인먼트,2020-11-18,장편,미국,372,138525250,18197,"67,039,760","9,579",액션,청소년관람불가,일반영화
팩토리 걸,조지 하이켄루퍼,스폰지,2007-05-31,장편,미국,0,0,18197,0,"15,624",드라마,청소년관람불가,독립/예술영화
레인,아그네스 자우이,(주)스폰지이엔티,2009-07-09,장편,프랑스,18,128699057,18186,"111,501,200","15,560",코미디,12세관람가,독립/예술영화
은혼,후쿠다 유이치,(주)라이크콘텐츠,2017-12-07,장편,일본,137,147645500,18172,"66,639,300","8,053",액션,12세관람가,일반영화
스페이스 치킨: 마법 부적의 비밀,"알렉스 오렐,에두와르도 슐츠",(주)박수엔터테인먼트,2018-10-25,장편,미국,273,124899500,18169,"14,470,000","1,870",애니메이션,전체관람가,일반영화
이디야와 얼음왕국의 전설,낸시 플로렌스 사바드,(주)미디어데이,2014-02-27,장편,기타,136,119383200,18157,"16,968,400","2,492",애니메이션,전체관람가,독립/예술영화
컨텐더,로드 루리,인터비스앤파트너스(주),2003-01-17,장편,미국,0,0,18157,0,"6,199",범죄,청소년관람불가,일반영화
한경직,천정훈,주식회사 마운틴픽쳐스,2012-09-13,장편,한국,7,107099500,18113,"93,814,000","16,005",다큐멘터리,전체관람가,독립/예술영화
미녀와 야수: 마법에 걸린 왕자,기타,(주)인터파크,2023-02-22,장편,기타,217,159255200,18112,"25,067,700","3,118",애니메이션,전체관람가,독립/예술영화
프랑스여자,김희정,(주)디스테이션,2020-06-04,장편,한국,244,129230400,18106,"51,825,160","6,765",드라마,15세관람가,독립/예술영화
비비안 마이어를 찾아서,"존 말루프,찰리 시스켈",오드,2015-04-30,장편,미국,36,144671500,18061,"113,412,100","13,783",다큐멘터리,전체관람가,독립/예술영화
하늘과 바다,오달균,롯데쇼핑㈜롯데엔터테인먼트,2009-10-28,장편,한국,186,121651444,18059,"29,049,500","4,063",드라마,12세관람가,일반영화
리그레션,알레한드로 아메나바르,(주)박수엔터테인먼트,2015-10-15,장편,기타,143,141042885,18057,"61,158,985","7,573",스릴러,15세관람가,독립/예술영화
버스 657,스콧 만,(주)스톰픽쳐스코리아,2016-01-14,장편,미국,161,143676000,18042,"43,747,600","5,394",액션,15세관람가,일반영화
인카네이트,브래드 페이튼,판씨네마(주),2017-05-25,장편,미국,229,142090200,18028,"36,675,100","4,446",스릴러,15세관람가,일반영화
초(민망한)능력자들,그랜트 헤스로브,팝엔터테인먼트,2011-07-07,장편,미국,64,135409000,18023,"69,446,000","8,844",코미디,12세관람가,독립/예술영화
본타: 땅콩왕국의 전설,레오 리,(주)팝엔터테인먼트,2014-10-30,장편,중국,179,127508200,18022,"17,445,700","2,283",애니메이션,전체관람가,일반영화
옐로우버드,"도미니크 몽페리,크리스티앙 드 비타",(주)영화사오원,2015-02-18,장편,프랑스,127,139064300,18020,"51,695,800","6,245",애니메이션,전체관람가,독립/예술영화
캡틴 하록,아라마키 신지,(주)박수엔터테인먼트,2014-01-16,장편,일본,120,134005500,17977,"61,451,500","7,368",애니메이션,12세관람가,일반영화
오즈의 마법사 2,알버토 마르,㈜코리아스크린,2017-05-03,장편,기타,142,138541700,17956,"35,735,400","4,250",애니메이션,전체관람가,독립/예술영화
당신자신과 당신의 것,홍상수,(주)영화제작전원사,2016-11-10,장편,한국,151,145902200,17924,"102,254,900","12,015",드라마,청소년관람불가,독립/예술영화
퍼펙트,닐스 아르덴 오플레브,(주)마인스 엔터테인먼트,2013-09-25,장편,미국,136,116662500,17916,"30,937,000","5,427",액션,청소년관람불가,일반영화
"불량소녀, 너를 응원해!",도이 노부히로,글뫼 주식회사,2016-09-21,장편,일본,128,140509000,17875,"54,003,000","6,502",드라마,12세관람가,독립/예술영화
셰임,스티브 맥퀸,㈜영화사 백두대간,2013-05-09,장편,영국,34,134649000,17827,"94,481,000","12,060",드라마,청소년관람불가,독립/예술영화
환상의 빛,고레에다 히로카즈,주식회사 씨네룩스,2016-07-07,장편,일본,37,143376800,17823,"108,719,000","12,854",드라마,15세관람가,독립/예술영화
이별계약,오기환,(주)씨제이이엔엠,2013-06-20,장편,한국,63,127495500,17797,"84,869,500","11,676",멜로/로맨스,12세관람가,일반영화
멜랑콜리아,라스 폰 트리에,(주)엣나인필름,2012-05-17,장편,기타,21,131234800,17766,"107,138,300","14,312",드라마,15세관람가,독립/예술영화
나는 나를 해고하지 않는다,이태겸,(주)영화사 진진,2021-01-28,장편,한국,313,135684500,17741,"65,003,470","8,483",드라마,12세관람가,독립/예술영화
나라타주,유키사다 이사오,(주)팝엔터테인먼트,2018-03-08,장편,일본,146,151711600,17695,"68,170,700","7,720",멜로/로맨스,15세관람가,독립/예술영화
"괜찮아요, 미스터 브래드",마이크 화이트,(주)영화사 진진,2017-09-21,장편,미국,135,134945900,17691,"90,564,500","11,720",드라마,12세관람가,독립/예술영화
경계선,알리 아바시,(주)제이앤씨미디어그룹,2019-10-24,장편,기타,48,148766880,17676,"104,554,120","11,952",판타지,청소년관람불가,독립/예술영화
로빈슨의 언더워터 어드벤처,막심 볼코브,(주)박수엔터테인먼트,2018-11-15,장편,기타,216,125199550,17674,"20,235,100","2,488",애니메이션,전체관람가,일반영화
킹덤,사토 신스케,와이드 릴리즈(주),2020-04-29,장편,일본,186,140937500,17663,"44,837,000","5,614",액션,15세관람가,일반영화
유랑지구,프란트 궈,(주)키다리이엔티,2019-04-18,장편,중국,178,147817410,17637,"57,511,830","6,707",SF,12세관람가,독립/예술영화
돌멩이,김정식,(주)리틀빅픽쳐스,2020-10-15,장편,한국,425,146373400,17632,"53,950,130","6,044",드라마,12세관람가,독립/예술영화
룩 앳 미,아그네스 자우이,(주)스폰지이엔티,2004-12-23,장편,프랑스,0,0,17632,0,"17,632",드라마,15세관람가,독립/예술영화
스톤,조세래,씨너스엔터테인먼트(주),2014-06-12,장편,한국,148,118376400,17631,"70,659,500","11,105",액션,15세관람가,독립/예술영화
미라클 프롬 헤븐,패트리시아 리건,유니버설픽쳐스인터내셔널 코리아(유),2016-05-25,장편,미국,92,119875500,17625,"56,930,000","8,027",드라마,전체관람가,일반영화
이 멋진 세계에 축복을! 붉은 전설,카나사키 타카오미,(주)애니플러스,2020-02-06,장편,일본,57,152082580,17607,"58,052,740","6,519",애니메이션,15세관람가,일반영화
신과 인간,자비에 보브와,㈜영화사 백두대간,2012-01-19,장편,프랑스,1,127147500,17588,"117,133,500","15,959",드라마,15세관람가,독립/예술영화
비틀스: 에잇 데이즈 어 위크 – 투어링 이어즈,론 하워드,플러스엠 엔터테인먼트,2016-10-19,장편,영국,150,140251925,17563,"84,223,125","10,231",드라마,12세관람가,독립/예술영화
2008 서태지 심포니 위드 톨가 카쉬프 로열필하모닉,서태지,기타,2010-01-22,장편,한국,1,138299384,17563,"129,241,000","16,446",공연,전체관람가,독립/예술영화
킨: 더 비기닝,"조나단 베이커,조쉬 베이커",판씨네마(주),2018-10-11,장편,미국,167,151798300,17543,"50,368,800","5,612",미스터리,15세관람가,일반영화
위험한 패밀리,뤽 베송,(주)프레인글로벌,2014-01-22,장편,미국,130,98410500,17539,"44,139,500","6,242",코미디,청소년관람불가,독립/예술영화
혼스,알렉산더 아야,(주)팝엔터테인먼트,2014-11-27,장편,미국,166,137324715,17535,"54,987,415","6,909",판타지,청소년관람불가,일반영화
더 터닝,플로리아 시지스몬디,(주)스마일이엔티,2020-04-02,장편,미국,294,154197940,17532,"55,648,100","6,194",미스터리,15세관람가,독립/예술영화
인 더 하우스,프랑수아 오종,찬란,2013-07-04,장편,프랑스,25,127454000,17529,"105,418,500","13,898",스릴러,15세관람가,독립/예술영화
꼬마 보트 토토: 타요 타요 배 타요,시멘 알스빅,(주)팝엔터테인먼트,2018-07-12,장편,기타,276,122959900,17463,"16,083,100","1,958",애니메이션,전체관람가,독립/예술영화
뚜르: 내 생애 최고의 49일,"임정하,전일우,박형준,김양래",(주)리틀빅픽쳐스,2017-02-01,장편,한국,227,126186700,17449,"40,634,300","5,129",다큐멘터리,12세관람가,독립/예술영화
태양을 쏴라,김태식,(유)조이앤시네마,2015-03-19,장편,한국,156,126046400,17444,"33,115,500","4,535",멜로/로맨스,청소년관람불가,독립/예술영화
세상의 모든 계절,마이크 리,(주)영화사 진진,2011-03-24,장편,미국,8,135681500,17423,"124,567,500","15,675",드라마,12세관람가,독립/예술영화
빌리어네어 보이즈클럽,제임스 콕스,(주)키다리이엔티,2019-01-10,장편,미국,166,153885800,17410,"66,349,200","7,394",드라마,15세관람가,일반영화
터치,민병훈,(주)팝엔터테인먼트,2012-11-08,장편,한국,95,100685000,17403,"24,109,000","4,053",드라마,청소년관람불가,독립/예술영화
밀리언 웨이즈,세스 맥팔레인,유니버설픽쳐스인터내셔널 코리아(유),2014-06-12,장편,미국,194,134249300,17373,"52,004,700","6,604",코미디,청소년관람불가,일반영화
유아 낫 유,조지 C. 울프,(주)마인스 엔터테인먼트,2015-01-21,장편,미국,103,138505400,17372,"76,744,100","9,322",드라마,15세관람가,일반영화
두레소리,조정래,(주)명필름,2012-05-10,장편,한국,132,115794000,17362,"49,999,000","7,135",드라마,12세관람가,독립/예술영화
아저씨 우리 결혼할까요?,완세생,씨네파크,2004-10-15,장편,기타,0,0,17362,0,"7,301",코미디,12세관람가,일반영화
홀리 모터스,레오스 카락스,(주)영화사 안다미로,2013-04-04,장편,프랑스,34,134355400,17348,"104,188,900","12,925",드라마,청소년관람불가,독립/예술영화
걸어도 걸어도,고레에다 히로카즈,(주)영화사 진진,2009-06-18,장편,일본,6,121004393,17340,"97,918,000","13,806",드라마,전체관람가,독립/예술영화
도쿄 마블 초콜릿,시오타니 나오요시,(주)영화사구안,2009-01-29,장편,일본,24,116970118,17327,"75,398,000","11,002",애니메이션,전체관람가,독립/예술영화
스윗 프랑세즈,사울 딥,그린나래미디어(주),2015-12-03,장편,영국,94,129079300,17324,"77,867,900","10,097",멜로/로맨스,15세관람가,독립/예술영화
양과자점 코안도르,후카가와 요시히로,(주)영화사 조제,2011-07-28,장편,일본,9,135988900,17322,"120,571,400","15,003",드라마,전체관람가,독립/예술영화
엘리아스: 바다의 보물을 찾아라!,리스 오스볼,(주)마인스 엔터테인먼트,2014-10-23,장편,기타,199,119762600,17305,"23,991,900","3,254",애니메이션,전체관람가,일반영화
사랑을 카피하다,압바스 키아로스타미,주식회사 마운틴픽쳐스,2011-05-05,장편,프랑스,13,135572600,17303,"115,721,600","14,436",드라마,15세관람가,독립/예술영화
판타스틱 부니베어,정량,(주)박수엔터테인먼트,2018-03-15,장편,중국,302,120340400,17290,"16,325,700","2,034",애니메이션,전체관람가,독립/예술영화
아인,모토히로 카츠유키,판씨네마(주),2018-02-28,장편,일본,160,135549900,17287,"64,228,200","7,981",SF,15세관람가,독립/예술영화
몬테크리스토: 더 뮤지컬 라이브,오윤동,CGV ICECON,2021-03-19,장편,한국,90,334554000,17264,"142,786,000","7,369",공연,12세관람가,일반영화
앤젤스 셰어: 천사를 위한 위스키,켄 로치,(주)티캐스트,2013-05-16,장편,영국,21,135331671,17257,"115,788,171","14,104",코미디,15세관람가,독립/예술영화
싱글맨,톰 포드,하준사,2010-05-27,장편,미국,25,133456217,17252,"113,086,200","14,434",드라마,15세관람가,독립/예술영화
페르시아어 수업,바딤 피얼먼,(주)영화사 진진,2022-12-15,장편,기타,40,159691068,17230,"125,481,668","13,045",드라마,15세관람가,독립/예술영화
삼거리극장,전계수,(주)씨제이이엔엠,2006-11-23,장편,한국,0,0,17216,0,"7,230",뮤지컬,15세관람가,독립/예술영화
어떤살인,안용훈,TCO(주)더콘텐츠온,2015-10-28,장편,한국,179,137025800,17190,"38,039,500","4,646",스릴러,청소년관람불가,독립/예술영화
어쩌면 우린 헤어졌는지 모른다,형슬우,(주)영화특별시에스엠씨,2023-02-08,장편,한국,333,177589066,17130,"60,158,279","5,664",드라마,12세관람가,독립/예술영화
바보야,강성옥,주식회사 마운틴픽쳐스,2011-04-21,장편,한국,57,91693000,17097,"33,481,500","6,290",다큐멘터리,전체관람가,독립/예술영화
100% 울프: 푸들이 될 순 없어,알렉스 스타더만,(주)팝엔터테인먼트,2020-12-24,장편,기타,370,134490620,17089,"24,462,560","2,967",애니메이션,전체관람가,독립/예술영화
포 미니츠,크리스 크라우스,㈜세종커뮤니케이션스,2007-10-25,장편,독일,0,0,17088,0,"16,103",드라마,12세관람가,독립/예술영화
프린스 챠밍,로스 베노커,와이드 릴리즈(주),2023-01-11,장편,미국,181,138765300,17066,"32,489,000","4,410",애니메이션,전체관람가,독립/예술영화
아웃 오브 타임,칼 프랭클린,이십세기폭스필름코퍼레이션,2004-03-12,장편,미국,0,0,17060,0,"8,660",스릴러,15세관람가,일반영화
룸 쉐어링,이순성,주식회사 엔픽플,2022-06-22,장편,한국,122,137501480,17040,"55,797,800","6,895",드라마,전체관람가,독립/예술영화
천국의 아이들 2 - 시험보는 날,골람 레자 라메자니,(주)영화사한결,2005-11-17,장편,기타,0,0,17022,0,"7,166",드라마,전체관람가,일반영화
호비와 쿠우의 어드벤처 : 고래의 노래,히라바야시 이사무,(주)머스트씨무비,2014-06-12,장편,일본,54,113444000,17018,"34,939,000","4,914",애니메이션,전체관람가,독립/예술영화
길,정인봉,(주)더블앤조이픽쳐스,2017-05-11,장편,한국,54,75398600,17014,"10,665,400","2,010",드라마,12세관람가,독립/예술영화
미스터 노바디,자코 반 도마엘,(주)영화사 안다미로,2013-10-24,장편,기타,24,127022500,16969,"85,755,000","11,074",판타지,15세관람가,독립/예술영화
프렌즈: 둥지탈출,"크리스찬 하스,안드레아 블록",(주)박수엔터테인먼트,2019-05-01,장편,독일,184,115993260,16955,"29,356,430","3,711",애니메이션,전체관람가,일반영화
프라이버시,존 크로울리,(주)인벤트스톤,2014-03-20,장편,영국,165,122664928,16936,"55,304,928","7,557",범죄,15세관람가,일반영화
파이널 포트레이트,스탠리 투치,(주)팝엔터테인먼트,2018-09-27,장편,영국,55,147295066,16933,"101,755,566","11,335",드라마,15세관람가,독립/예술영화
월플라워,스티븐 크보스키,데이지엔터테인먼트,2013-04-11,장편,미국,28,120379400,16912,"76,694,900","10,529",드라마,15세관람가,독립/예술영화
매직 아워,미타니 코키,(주)씨제이이엔엠,2008-11-27,장편,일본,15,115419500,16907,"86,289,000","12,384",코미디,12세관람가,독립/예술영화
컴온 컴온,마이크 밀스,(주)스튜디오디에이치엘,2022-06-30,장편,미국,113,154650500,16876,"92,637,600","9,571",드라마,12세관람가,독립/예술영화
하늘이 보내준 딸,비자이,(주)싸이더스,2012-04-19,장편,기타,107,113583500,16875,"36,596,500","5,230",가족,전체관람가,일반영화
잉투기,엄태화,CGV아트하우스,2013-11-14,장편,한국,94,119852600,16859,"66,335,100","9,002",액션,15세관람가,독립/예술영화
비스트 앵콜 콘서트 3D,손석,(주)에스비에스콘텐츠허브,2012-02-29,장편,한국,75,171432000,16844,"48,488,000","4,554",공연,전체관람가,일반영화
명왕성,신수원,(주)싸이더스,2013-07-11,장편,한국,78,114536500,16828,"49,686,500","7,067",드라마,15세관람가,독립/예술영화
잔나비 판타스틱 올드패션드 리턴즈! x 넌센스 Ⅱ,기타,CGV ICECON,2021-09-09,장편,한국,66,334063500,16704,"112,897,500","5,645",공연,전체관람가,일반영화
토니스토리2: 고철왕국의 친구들,"토마스 보덴스타인,마커스 하먼",(주)박수엔터테인먼트,2018-06-13,장편,독일,268,120931600,16685,"16,477,600","2,108",애니메이션,전체관람가,독립/예술영화
주문은 토끼입니까?? ~디어 마이 시스터~,하시모토 히로유키,(주)애니플러스,2018-01-18,장편,일본,84,121079000,16655,"37,499,000","4,935",애니메이션,전체관람가,일반영화
몬스터 아카데미,레오폴도 아귈라,와이드 릴리즈(주),2022-04-27,장편,기타,209,141292000,16647,"24,036,700","2,773",판타지,전체관람가,일반영화
여배우는 오늘도,문소리,(주)메타플레이,2017-09-14,장편,한국,46,137010300,16646,"100,364,500","11,662",드라마,15세관람가,독립/예술영화
산타바바라,조성규,(주)나이너스엔터테인먼트,2014-07-16,장편,한국,101,125565919,16626,"64,686,419","8,432",멜로/로맨스,15세관람가,독립/예술영화
800,관후,TCO(주)더콘텐츠온,2020-12-10,장편,중국,223,141698200,16625,"43,872,500","5,010",전쟁,15세관람가,일반영화
리버틴,로렌스 던 모어,프리비젼엔터테인먼트,2007-08-02,장편,영국,0,0,16624,0,"13,211",드라마,청소년관람불가,일반영화
호비와 동화나라 대모험,히라바야시 이사무,(주)머스트씨무비릴리징컴퍼니,2016-12-08,장편,일본,81,115425000,16620,"35,453,000","5,053",애니메이션,전체관람가,일반영화
사마에게,"와드 알-카팁,에드워드 와츠",(주)엣나인필름,2020-01-23,장편,영국,75,133623472,16591,"88,703,032","10,369",다큐멘터리,15세관람가,독립/예술영화
내 남자의 유통기한,도리스 되리에,㈜세종커뮤니케이션스,2006-06-29,장편,독일,0,0,16580,0,"15,632",멜로/로맨스,15세관람가,독립/예술영화
롤라,나빌 아유쉬,㈜메가박스,2009-01-15,장편,프랑스,24,109318294,16578,"79,246,500","11,729",드라마,12세관람가,독립/예술영화
7년-그들이 없는 언론,김진혁,(주)인디플러그,2017-01-12,장편,한국,105,129175200,16577,"71,790,700","8,985",다큐멘터리,12세관람가,독립/예술영화
헤이트 발렌타인데이,니아 발다로스,㈜케이디미디어,2010-02-04,장편,미국,74,127687241,16566,"63,328,500","7,895",멜로/로맨스,12세관람가,일반영화
오드토머스,스티븐 소머즈,(주)영화사 빅,2014-08-27,장편,미국,165,123233800,16555,"44,567,500","5,700",액션,15세관람가,일반영화
바니부기: 드래곤 에그를 찾아서,리양우,(주)박수엔터테인먼트,2018-09-12,장편,중국,280,122931400,16505,"17,067,300","2,117",애니메이션,전체관람가,일반영화
내 이야기!!,카와이 하야토,(주)영화사오원,2018-04-12,장편,일본,143,141565800,16467,"59,019,100","6,908",멜로/로맨스,12세관람가,독립/예술영화
아기곰 보보 구출 대작전,라스무스 A. 실버르센,와이드 릴리즈(주),2018-04-25,장편,기타,207,117475900,16447,"21,412,600","2,679",애니메이션,전체관람가,일반영화
가구야공주 이야기,다카하타 이사오,롯데쇼핑㈜롯데엔터테인먼트,2014-06-04,장편,일본,77,125582300,16439,"54,022,900","6,841",애니메이션,전체관람가,일반영화
#아이엠히어,에릭 라티고,(주)넥스트엔터테인먼트월드(NEW),2021-01-14,장편,프랑스,432,136875710,16404,"56,913,450","7,535",멜로/로맨스,12세관람가,독립/예술영화
마돈나,신수원,(주)리틀빅픽쳐스,2015-07-02,장편,한국,65,127237400,16385,"69,122,300","8,631",드라마,청소년관람불가,독립/예술영화
북스마트,올리비아 와일드,(주)콘텐츠판다,2021-01-27,장편,미국,163,108654680,16380,"58,313,810","10,235",코미디,15세관람가,독립/예술영화
허블 3D,토니 마이어스,(주)씨제이이엔엠,2011-05-05,장편,기타,8,120681000,16369,"69,317,000","8,994",다큐멘터리,전체관람가,일반영화
소와 함께 여행하는 법,임순례,롯데쇼핑㈜롯데엔터테인먼트,2010-11-03,장편,한국,88,107018251,16356,"42,909,000","6,561",드라마,15세관람가,독립/예술영화
이차크의 행복한 바이올린,앨리슨 쉐르닉,(주)영화사 진진,2018-12-20,장편,미국,26,123840650,16345,"90,041,750","11,318",다큐멘터리,전체관람가,독립/예술영화
빅 배드 폭스,벤자민 레너,(주)스마일이엔티,2017-11-30,장편,프랑스,219,120614100,16340,"29,164,800","3,802",애니메이션,전체관람가,독립/예술영화
김군,강상우,영화사 풀,2019-05-23,장편,한국,73,120816190,16324,"61,606,150","7,628",다큐멘터리,12세관람가,독립/예술영화
리스펙트,리슬 타미,유니버설픽쳐스인터내셔널 코리아(유),2021-09-08,장편,미국,119,107393800,16312,"39,903,400","5,810",드라마,12세관람가,일반영화
광대: 소리꾼,조정래,트윈플러스파트너스(주),2022-02-24,장편,한국,116,124110170,16277,"54,735,970","7,439",사극,12세관람가,일반영화
송가인 더 드라마,"이태슬,김성윤",(주)영화특별시에스엠씨,2021-02-11,장편,한국,117,175253000,16251,"51,112,000","4,674",공연,전체관람가,일반영화
리틀 폭스,갈수영,예지림엔터테인먼트,2016-06-23,장편,중국,150,119098500,16204,"21,834,700","2,731",애니메이션,전체관람가,독립/예술영화
순교,김상철,파이오니아21,2015-08-13,장편,한국,5,116019000,16202,"22,727,500","3,240",다큐멘터리,전체관람가,독립/예술영화
링스,하비에르 구티에레즈,(주)다자인소프트,2017-04-06,장편,미국,123,135470800,16199,"31,997,500","3,740",공포(호러),15세관람가,일반영화
예전부터 계속 좋아했어 ~고백실행위원회~,야나기자와 테츠야,(주)디스테이션,2016-09-29,장편,일본,77,120601500,16187,"44,643,000","5,755",애니메이션,전체관람가,일반영화
토마스와 친구들 - 극장판 2,그렉 티어넌,에이원엔터테인먼트,2010-06-10,장편,미국,92,114484452,16186,"39,141,500","5,228",애니메이션,전체관람가,일반영화
파티마의 기적,마르코 폰테코르보,(주)디스테이션,2020-12-03,장편,미국,162,129475600,16183,"40,968,000","5,267",드라마,12세관람가,독립/예술영화
초미의 관심사,남연우,(주)트리플픽쳐스,2020-05-27,장편,한국,380,128698360,16137,"48,236,840","5,682",드라마,15세관람가,독립/예술영화
위 베어 베어스: 베이비 베어스,매니 에르난데스,(주)팝엔터테인먼트,2018-05-24,장편,미국,300,125617200,16136,"27,555,800","3,156",애니메이션,전체관람가,독립/예술영화
오필리아,클레어 맥카시,(주)홈초이스,2021-07-14,장편,미국,117,141669640,16124,"79,210,830","8,733",멜로/로맨스,15세관람가,독립/예술영화
카운터페이터,스테판 루조비츠키,미디어소프트,2008-07-03,장편,기타,10,106842500,16095,"57,555,000","8,387",범죄,15세관람가,독립/예술영화
베이트,킴블 렌달,(주)팝파트너스,2013-08-08,장편,기타,59,108522500,16091,"36,014,000","5,317",공포(호러),15세관람가,일반영화
호크니,랜달 라이트,그린나래미디어(주),2019-08-08,장편,영국,44,134046852,16070,"95,676,652","10,993",다큐멘터리,12세관람가,독립/예술영화
셀마,에바 두버네이,찬란,2015-07-23,장편,미국,48,117488324,16029,"71,685,524","9,357",드라마,12세관람가,독립/예술영화
오구,이윤택,마오필름(주),2003-11-28,장편,한국,0,0,16000,0,"12,934",드라마,15세관람가,독립/예술영화
플루토에서 아침을,닐 조단,프리비젼엔터테인먼트,2007-04-05,장편,영국,0,0,16000,0,"13,869",드라마,15세관람가,독립/예술영화
어웨이 프롬 허,사라 폴리,(유)마스엔터테인먼트코리아,2008-03-27,장편,기타,4,105612657,15997,"99,610,500","14,922",멜로/로맨스,12세관람가,독립/예술영화
빈 디젤의 디아블로,F. 게리 그레이,(주)씨네월드,2003-10-02,장편,미국,0,0,15989,0,"8,105",액션,청소년관람불가,일반영화
스파이 게임,마이클 앱티드,플러스엠 엔터테인먼트,2017-09-14,장편,영국,203,122840172,15986,"55,357,172","6,990",액션,15세관람가,일반영화
헤로니모,전후석,커넥트픽쳐스(주),2019-11-21,장편,한국,68,117270720,15982,"57,687,840","7,293",다큐멘터리,전체관람가,독립/예술영화
십계: 구원의 길,알렉상드르 아반치니,(주)키다리이엔티,2017-04-13,장편,기타,97,104079500,15974,"31,527,000","4,524",드라마,전체관람가,독립/예술영화
매직키드 보보,니잠 라작,(주)박수엔터테인먼트,2017-03-01,장편,기타,219,119693200,15968,"18,904,200","2,288",애니메이션,전체관람가,독립/예술영화
호비와 매직 아일랜드,"카와마타 히로시,히로 타카시마",(주)머스트씨무비릴리징컴퍼니,2018-06-06,장편,일본,114,114264000,15942,"23,334,000","3,058",애니메이션,전체관람가,일반영화
사랑하고 사랑받고 차고 차이고,미키 타카히로,주식회사 컨텐츠썬,2021-06-16,장편,일본,155,143259400,15916,"61,544,300","6,713",드라마,12세관람가,독립/예술영화
마왕의 딸 이리샤,장형윤,(주)싸이더스,2019-09-26,장편,한국,314,113205980,15894,"26,419,740","3,133",애니메이션,전체관람가,독립/예술영화
극장판 살아남기 시리즈: 인체에서 살아남기,"나스카와 미츠루,이리요시 사토루",(주)씨제이이엔엠,2022-08-10,장편,일본,174,149305000,15892,"46,680,000","4,792",애니메이션,전체관람가,일반영화
더 웨이브,로아 우타우,(주)팝엔터테인먼트,2016-07-13,장편,기타,140,124772321,15890,"38,028,721","4,731",액션,12세관람가,독립/예술영화
아기돼지 3형제와 쿵푸랜드,유위,와이드 릴리즈(주),2018-02-01,장편,중국,154,103627100,15885,"11,042,000","1,443",애니메이션,전체관람가,일반영화
어바웃 리키,조나단 드미,유니버설픽쳐스인터내셔널 코리아(유),2015-09-03,장편,미국,123,118503900,15867,"65,677,000","8,381",드라마,15세관람가,일반영화
로코왕국의 전설: 엘프킹을 찾아서,위성준,(주)마인스 엔터테인먼트,2014-06-26,장편,중국,178,105367100,15846,"23,260,900","3,008",애니메이션,전체관람가,독립/예술영화
키즈모노가타리 II : 열혈편,신보 아키유키,(주)박수엔터테인먼트,2016-10-20,장편,일본,69,122123000,15800,"52,167,000","6,573",애니메이션,15세관람가,일반영화
극장판 샤이닝스타:새로운 루나퀸의 탄생!,"박일호,정지훈,이승호",(주)리틀빅픽쳐스,2019-07-18,장편,한국,117,129098700,15785,"43,398,300","5,221",애니메이션,전체관람가,일반영화
행복한 라짜로,알리체 로르와커,주식회사 슈아픽처스,2019-06-20,장편,기타,35,126086740,15762,"92,935,240","10,775",드라마,12세관람가,독립/예술영화
더 스퀘어,루벤 외스틀룬드,아이 엠,2018-08-02,장편,기타,43,127041900,15720,"87,833,600","10,214",코미디,15세관람가,독립/예술영화
러브토크,이윤기,(주)씨제이이엔엠,2005-11-11,장편,한국,0,0,15719,0,"8,534",멜로/로맨스,청소년관람불가,일반영화
뱅드림! 로젤리아 에피소드 Ⅱ : 송 아이 엠,카키모토 코다이,(주)애니플러스,2021-09-09,장편,일본,86,146042240,15698,"61,636,890","6,245",애니메이션,전체관람가,일반영화
웨스턴 리벤지,크리스티안 레브링,(주)영화사 빅,2014-10-30,장편,기타,117,119414000,15671,"50,448,100","6,374",액션,청소년관람불가,독립/예술영화
모스트 원티드 맨,안톤 코르빈,(주)드림웨스트픽쳐스,2014-08-07,장편,영국,27,127325100,15654,"90,757,500","11,163",스릴러,청소년관람불가,독립/예술영화
밥정,박혜령,(주)엣나인필름,2020-10-07,장편,한국,182,123204940,15650,"76,969,530","9,458",다큐멘터리,전체관람가,독립/예술영화
와일드 로즈,톰 하퍼,판씨네마(주),2019-10-17,장편,영국,152,117838040,15650,"68,407,560","8,698",드라마,15세관람가,독립/예술영화
킹 오브 프리즘 -샤이니 세븐 스타즈-,히시다 마사카즈,동우에이앤이(주),2019-03-07,장편,일본,43,135322210,15597,"95,286,440","10,773",애니메이션,12세관람가,일반영화
펀치 드렁크 러브,폴 토마스 앤더슨,콜럼비아트라이스타,2003-05-08,장편,미국,0,0,15594,0,"10,421",멜로/로맨스,15세관람가,독립/예술영화
마틴 에덴,피에트로 마르첼로,알토미디어(주),2020-10-29,장편,기타,60,143383430,15593,"105,415,830","11,136",드라마,12세관람가,독립/예술영화
일루셔니스트,실뱅 쇼메,(주)에스와이코마드,2011-06-16,장편,프랑스,17,121470100,15589,"100,974,100","12,654",애니메이션,전체관람가,독립/예술영화
토일렛,오기가미 나오코,(주)영화사 조제,2010-12-02,장편,일본,7,116321072,15576,"108,633,000","14,355",드라마,전체관람가,독립/예술영화
런던 블러바드,윌리엄 모나한,(주)팝파트너스,2012-09-20,장편,미국,131,107401000,15539,"56,035,500","8,170",범죄,15세관람가,일반영화
추적,케네스 브래너,(주)영화사구안,2008-11-20,장편,영국,1,100712381,15501,"98,970,500","15,206",미스터리,15세관람가,일반영화
이다,파벨 파블리코브스키,시네마 뉴원,2015-02-18,장편,기타,34,118657345,15493,"68,830,545","8,690",드라마,15세관람가,독립/예술영화
스팀보이,오토모 가츠히로,대원씨앤에이홀딩스,2005-08-04,장편,일본,0,0,15485,0,"11,640",애니메이션,전체관람가,일반영화
라라와 움직이는 비밀의 숲,왕운비,(주)박수엔터테인먼트,2019-08-22,장편,중국,237,111951960,15484,"9,605,750","1,199",애니메이션,전체관람가,일반영화
파리의 딜릴리,미셸 오슬로,오드,2019-05-29,장편,프랑스,36,130301587,15440,"103,665,107","12,061",애니메이션,전체관람가,독립/예술영화
브레이브 언더 파이어,기타,(주)박수엔터테인먼트,2021-03-17,장편,기타,203,122427400,15435,"29,972,800","4,044",액션,12세관람가,일반영화
아메리칸 파이: 19금 동창회,"존 허위츠,헤이든 쉬로스버그",유니버설픽쳐스인터내셔널 코리아(유),2012-08-09,장편,미국,117,113072000,15431,"47,566,500","6,164",코미디,청소년관람불가,일반영화
조,드레이크 도리머스,(주)팝엔터테인먼트,2019-07-11,장편,미국,69,127481096,15429,"83,601,216","9,788",멜로/로맨스,15세관람가,독립/예술영화
쌍웅,진목승,(주)신도필림,2003-10-10,장편,기타,0,0,15400,0,"18,000",액션,15세관람가,일반영화
빛나는 순간,소준문,(주)명필름,2021-06-30,장편,한국,267,129246670,15389,"44,678,770","5,033",드라마,12세관람가,독립/예술영화
블랙핑크 더 무비,"오윤동,정수이",씨제이포디플렉스 주식회사,2021-08-04,장편,한국,147,200750000,15387,"95,239,500","7,247",공연,전체관람가,일반영화
극장판 요괴워치: 포에버 프렌즈,타카하시 시게하루,(주)씨제이이엔엠,2020-10-15,장편,일본,422,120684750,15386,"15,573,740","1,840",애니메이션,전체관람가,일반영화
볼츠와 블립,피터 레페니오티스,(주)씨제이이엔엠,2012-02-23,장편,한국,61,161329000,15386,"43,956,000","4,113",애니메이션,전체관람가,일반영화
더블패티,백승환,(주)케이티알파,2021-02-17,장편,한국,265,132609660,15383,"58,155,590","6,701",드라마,15세관람가,일반영화
극장판 날아라! 호빵맨 : 바나나섬을 되찾아줘,야노 히로유키,와이드 릴리즈(주),2014-06-19,장편,일본,235,104193000,15382,"15,614,300","2,135",애니메이션,전체관람가,독립/예술영화
배드 지니어스,나타우트 푼프리야,(주)팝엔터테인먼트,2017-11-02,장편,기타,200,120082336,15319,"67,369,136","8,285",스릴러,15세관람가,독립/예술영화
아스테릭스: 신들의 전당,"루이 클리시,알렉상드르 아스티에",(주)나이너스엔터테인먼트,2015-04-30,장편,프랑스,104,108464000,15315,"39,258,600","5,139",애니메이션,전체관람가,일반영화
프로페서 앤 매드맨,P.B. 셰므란,그린나래미디어(주),2021-06-02,장편,미국,320,129813510,15289,"61,510,030","7,187",드라마,15세관람가,독립/예술영화
꼬마 유령,알랑 그스포너,(주)영화사오원,2015-06-11,장편,독일,176,110213300,15276,"25,780,300","3,466",판타지,전체관람가,독립/예술영화
아이 인 더 스카이,개빈 후드,판씨네마(주),2016-07-14,장편,영국,205,116603200,15258,"54,966,300","6,999",전쟁,12세관람가,일반영화
쁘띠 마망,셀린 시아마,찬란,2021-10-07,장편,프랑스,97,138444540,15252,"93,476,350","9,785",드라마,전체관람가,독립/예술영화
아무도 머물지 않았다,아쉬가르 파라디,(주)씨에이씨엔터테인먼트,2013-12-26,장편,프랑스,26,114641500,15252,"82,955,000","10,483",드라마,15세관람가,독립/예술영화
스톤,존 커랜,KT&G 상상마당 영화사업팀 컴퍼니에스에스(주),2011-10-06,장편,미국,77,116295000,15241,"51,204,000","6,305",드라마,청소년관람불가,일반영화
핑크퐁 시네마 콘서트 : 우주대탐험,변희선,더핑크퐁컴퍼니(주),2020-01-30,장편,한국,182,118488500,15229,"28,184,000","3,700",애니메이션,전체관람가,일반영화
삽질,김병기,(주)엣나인필름,2019-11-14,장편,한국,171,120829530,15228,"56,470,760","6,741",다큐멘터리,12세관람가,독립/예술영화
워 위드 그랜파,팀 힐,(주)키다리이엔티,2021-02-24,장편,미국,322,125136310,15214,"50,128,770","6,268",코미디,12세관람가,독립/예술영화
비우티풀,알레한드로 곤잘레스 이냐리투,필라멘트픽쳐스,2011-10-13,장편,기타,21,118874100,15213,"90,636,600","11,299",드라마,청소년관람불가,독립/예술영화
해수의 아이,와타나베 아유무,(주)영화사오원,2020-09-30,장편,일본,76,139987850,15211,"77,304,740","7,749",애니메이션,전체관람가,독립/예술영화
토마스와 친구들: 잃어버린 왕관,롭 실베스트리,(주)씨제이이엔엠,2014-11-13,장편,영국,110,110482700,15202,"21,878,400","2,803",애니메이션,전체관람가,일반영화
몬스터 싱어: 매직 인 파리,비보 베르즈롱,(주)다날엔터테인먼트,2022-05-26,장편,프랑스,266,128787720,15187,"16,153,400","1,683",애니메이션,전체관람가,독립/예술영화
메리 미,캣 코이로,유니버설픽쳐스인터내셔널 코리아(유),2022-03-16,장편,미국,179,99754800,15164,"64,310,500","10,969",멜로/로맨스,12세관람가,일반영화
슈퍼 베어,기타,와이드 릴리즈(주),2020-01-15,장편,미국,227,106064760,15164,"18,694,400","2,334",액션,전체관람가,독립/예술영화
스턱 인 러브,조쉬 분,(주)앤드플러스미디어웍스,2014-02-20,장편,미국,46,105165000,15147,"39,313,000","5,703",코미디,15세관람가,독립/예술영화
텐텐,미키 사토시,(주)스폰지이엔티,2008-09-11,장편,일본,1,105409500,15135,"83,095,000","11,593",코미디,12세관람가,독립/예술영화
캡틴 샤키,허버트 베일란드,예지림엔터테인먼트,2018-11-22,장편,독일,175,106383150,15121,"21,014,200","2,462",애니메이션,전체관람가,독립/예술영화
청설,청펀펀,오드,2010-06-17,장편,기타,20,112668948,15116,"70,169,500","9,358",드라마,전체관람가,독립/예술영화
호비와 무지개 오아시스 대모험,히라바야시 이사무,(주)머스트씨무비릴리징컴퍼니,2017-09-07,장편,일본,103,104470000,15101,"21,292,000","2,985",애니메이션,전체관람가,일반영화
캥거루 잭,데이빗 맥낼리,워너브러더스 코리아(주),2003-09-26,장편,미국,0,0,15100,0,"5,300",코미디,전체관람가,일반영화
램,발디마르 요한손,오드,2021-12-29,장편,기타,123,140091110,15095,"82,947,670","8,579",공포(호러),15세관람가,독립/예술영화
런어웨이즈,플로리아 시지스몬디,(주)넥스트엔터테인먼트월드(NEW),2010-06-24,장편,미국,76,111779483,15088,"51,140,000","6,708",드라마,청소년관람불가,독립/예술영화
슈퍼소닉,매트 화이트크로스,주식회사 씨네룩스,2016-11-24,장편,영국,38,126445600,15074,"83,961,100","9,837",다큐멘터리,15세관람가,독립/예술영화
블루 발렌타인,데릭 시엔프랜스,(주)영화사 진진,2012-05-31,장편,미국,15,114887500,15053,"97,175,000","12,216",드라마,청소년관람불가,독립/예술영화
뷰티풀 라이,필리프 팔라도,(주)씨제이이엔엠,2015-03-26,장편,미국,91,112466200,15050,"60,091,500","7,900",드라마,12세관람가,독립/예술영화
호비와 후후의 대모험: 무지개꽃을 구하라,히라바야시 이사무,(주)머스트씨무비,2013-09-26,장편,일본,45,97632500,15050,"30,519,000","4,385",애니메이션,전체관람가,일반영화
라이드 : 나에게로의 여행,헬렌 헌트,(주)티캐스트,2015-07-16,장편,미국,29,123755700,15039,"97,098,900","11,239",드라마,15세관람가,독립/예술영화
크리드2,스티븐 카플 주니어,워너브러더스 코리아(주),2019-02-21,장편,미국,298,122284190,15023,"45,949,660","5,556",액션,12세관람가,일반영화
이케아 옷장에서 시작된 특별난 여행,켄 스콧,(주)스마일이엔티,2019-07-18,장편,프랑스,71,122340770,15019,"78,373,540","9,295",드라마,12세관람가,독립/예술영화
"틱, 틱... 붐!",린-마누엘 미란다,씨제이 씨지브이(CJ CGV)(주),2021-11-12,장편,미국,108,141985100,15019,"96,395,060","10,447",드라마,12세관람가,일반영화
행복한 사전,이시이 유야,씨네그루(주)다우기술,2014-02-20,장편,일본,25,117177600,15017,"99,422,500","12,484",드라마,전체관람가,독립/예술영화
치코와 리타,"페르난도 트루에바,하비에르 마리스칼,토노 에란도",찬란,2012-01-05,장편,기타,17,119535100,15001,"103,124,600","12,495",애니메이션,15세관람가,독립/예술영화
머나먼 사랑,마틴 캠벨,UIP코리아,2004-02-13,장편,미국,0,0,15000,0,"1,582",드라마,15세관람가,일반영화
프렌드 존,차야놉 분프라콥,(주)디스테이션,2019-10-30,장편,기타,104,118749200,14991,"45,947,000","5,770",멜로/로맨스,12세관람가,독립/예술영화
고양이를 빌려드립니다,오기가미 나오코,(주)영화사 조제,2012-12-13,장편,일본,9,115430500,14983,"95,190,000","11,976",드라마,12세관람가,독립/예술영화
캡틴 판타스틱,매트 로스,(주)팝엔터테인먼트,2016-11-30,장편,미국,86,114188400,14976,"60,702,800","7,649",드라마,15세관람가,독립/예술영화
버진 스노우,그렉 아라키,(주)영화사오원,2014-12-10,장편,프랑스,126,113076354,14964,"53,829,954","7,042",미스터리,청소년관람불가,독립/예술영화
로즈,짐 쉐리단,(주)박수엔터테인먼트,2017-04-12,장편,기타,125,113253541,14955,"56,567,241","7,246",멜로/로맨스,15세관람가,독립/예술영화
MB의 추억,김재환,스튜디오느림보,2012-10-18,장편,한국,5,112375100,14954,"78,323,600","9,844",다큐멘터리,15세관람가,독립/예술영화
레이디 채털리,파스칼 페랑,(주)영화사 진진,2007-07-11,장편,프랑스,0,0,14932,0,"11,654",멜로/로맨스,청소년관람불가,독립/예술영화
하나와 미소시루,아쿠네 토모아키,(주)영화사 진진,2016-04-27,장편,일본,104,112899538,14925,"68,959,238","8,790",가족,전체관람가,독립/예술영화
사랑이 이긴다,민병훈,(주)리틀빅픽쳐스,2015-09-10,장편,한국,48,114003900,14916,"39,686,100","4,988",가족,15세관람가,독립/예술영화
십개월의 미래,남궁선,그린나래미디어(주),2021-10-14,장편,한국,158,105627180,14915,"60,374,910","8,956",드라마,12세관람가,독립/예술영화
네스트,플로렝 에밀리오 시리,코리아픽쳐스(주),2003-08-14,장편,프랑스,0,0,14914,0,"7,913",액션,15세관람가,일반영화
브로큰 임브레이스,페드로 알모도바르,해피송,2009-11-19,장편,기타,6,113091983,14880,"98,694,000","12,936",드라마,청소년관람불가,독립/예술영화
토이 가디언즈,"신우,황연",(주)팝엔터테인먼트,2018-03-15,장편,중국,136,114322000,14857,"26,180,900","3,225",애니메이션,전체관람가,독립/예술영화
군산: 거위를 노래하다,장률,(주)트리플픽쳐스,2018-11-08,장편,한국,92,120752500,14848,"66,099,100","7,622",드라마,15세관람가,독립/예술영화
카센타,하윤재,(주)트리플픽쳐스,2019-11-27,장편,한국,138,112552000,14839,"33,433,340","3,842",범죄,15세관람가,독립/예술영화
이민자,제임스 그레이,주식회사 씨네룩스,2015-09-03,장편,미국,36,115862023,14807,"69,433,323","8,385",드라마,15세관람가,독립/예술영화
극장판 엉덩이 탐정: 텐텐마을의 수수께끼,시바타 히로키,(주)넥스트엔터테인먼트월드(NEW),2020-09-24,장편,일본,157,109191540,14799,"21,351,240","2,745",애니메이션,전체관람가,일반영화
"러블리, 스틸",니콜라스 패클러,(주)에스와이코마드,2010-12-23,장편,미국,8,116034067,14790,"99,700,500","12,662",드라마,12세관람가,독립/예술영화
나쁜놈은 죽는다,손호,TCO(주)더콘텐츠온,2016-02-04,장편,중국,138,115698700,14767,"25,446,500","2,972",코미디,15세관람가,일반영화
"하늘을 나는 강아지, 비포와 친구들",이도 엔젤,(주)팝엔터테인먼트,2014-03-13,장편,기타,142,99524400,14746,"23,210,300","3,072",애니메이션,전체관람가,일반영화
데드폴,스테판 루조비츠키,(주)에스비에스콘텐츠허브,2013-01-23,장편,미국,82,101887000,14744,"45,079,000","6,658",범죄,청소년관람불가,일반영화
비거 스플래쉬,루카 구아다그니노,찬란,2016-08-03,장편,기타,40,116255129,14711,"77,902,529","9,495",멜로/로맨스,청소년관람불가,독립/예술영화
69 식스티 나인,이상일,스폰지,2005-03-25,장편,일본,0,0,14711,0,"11,187",드라마,15세관람가,일반영화
빅 식,마이클 쇼월터,(주)리틀빅픽쳐스,2018-07-18,장편,미국,136,118693400,14697,"69,176,100","8,390",멜로/로맨스,15세관람가,독립/예술영화
빅풋 주니어2: 패밀리가 떴다,"벤 스타센,제레미 드그루손",(주)이수C&E,2021-01-06,장편,기타,308,121766630,14697,"23,235,840","2,601",애니메이션,전체관람가,일반영화
쇼를 사랑한 남자,스티븐 소더버그,(주)티캐스트콘텐츠허브,2013-10-09,장편,미국,26,112817792,14696,"95,643,792","12,054",드라마,청소년관람불가,독립/예술영화
콜로설,나초 비갈론도,(주)드림팩트엔터테인먼트,2017-04-20,장편,기타,305,114967100,14687,"47,376,900","5,753",액션,12세관람가,독립/예술영화
돈 워리,구스 반 산트,그린나래미디어(주),2019-07-25,장편,미국,55,116449854,14684,"79,187,914","9,679",드라마,15세관람가,독립/예술영화
아픈 만큼 사랑한다,임준현,(주)드림팩트엔터테인먼트,2019-04-03,장편,한국,121,99333600,14682,"36,978,500","5,025",다큐멘터리,전체관람가,독립/예술영화
안녕?! 오케스트라,이철하,(주)영화사 진진,2013-11-28,장편,한국,49,91780500,14665,"59,867,500","8,722",다큐멘터리,전체관람가,독립/예술영화
나루토-대흥분! 초승달 섬의 애니멀 소동,츠루 토시요키,(주)디스테이션,2007-01-04,장편,일본,0,0,14663,0,"5,852",애니메이션,전체관람가,독립/예술영화
아마데우스 감독판,밀로스 포만,시네마 뉴원,2015-10-29,장편,미국,31,118519400,14628,"88,887,400","10,523",드라마,12세관람가,독립/예술영화
우리가 사랑이라고 믿는 것,윌리엄 니콜슨,(주)티캐스트,2022-02-24,장편,영국,44,135121030,14601,"102,084,230","10,620",드라마,12세관람가,독립/예술영화
굿바이 레닌,볼프강 벡커,(주)동숭아트센터,2003-10-24,장편,독일,0,0,14595,0,"13,151",드라마,12세관람가,독립/예술영화
피노키오의 모험,안나 저스티스,(주)소나무픽쳐스,2014-09-18,장편,독일,54,105233300,14557,"20,845,200","2,769",애니메이션,전체관람가,일반영화
이번엔 잘 되겠지,이승수,THE 픽쳐스,2021-07-08,장편,한국,48,69923000,14528,"20,334,800","8,611",코미디,15세관람가,독립/예술영화
시민 노무현,백재호,(주)삼백상회,2019-05-23,장편,한국,174,116930250,14500,"54,033,380","6,336",다큐멘터리,12세관람가,독립/예술영화
엘리펀트 송,찰스 비네임,(주)엣나인필름,2015-06-11,장편,기타,49,113991400,14488,"74,816,800","9,027",미스터리,15세관람가,독립/예술영화
모리스,제임스 아이보리,알토미디어(주),2019-11-07,장편,영국,50,120533523,14484,"78,059,423","8,874",드라마,15세관람가,독립/예술영화
공정사회,이지승,(주)엣나인필름,2013-04-18,장편,한국,37,97348000,14461,"38,234,500","5,377",드라마,청소년관람불가,독립/예술영화
아사코,하마구치 류스케,(주)이수C&E,2019-03-14,장편,일본,167,124515619,14441,"82,586,709","9,254",드라마,12세관람가,독립/예술영화
열두명의 웬수들2,아담 쉥크만,이십세기폭스코리아(주),2006-01-26,장편,미국,0,0,14440,0,"3,240",코미디,전체관람가,일반영화
부활,구수환,(주)중헌홀딩스,2020-07-09,장편,한국,83,112596500,14437,"35,630,500","4,343",다큐멘터리,전체관람가,일반영화
어느 하녀의 일기,브누와 쟉꼬,주식회사 씨네룩스,2015-08-06,장편,프랑스,37,110710900,14436,"74,383,400","9,274",드라마,청소년관람불가,독립/예술영화
갬빗,마이클 호프만,(주)나이너스엔터테인먼트,2013-11-28,장편,미국,94,95213128,14426,"56,324,128","8,253",코미디,15세관람가,독립/예술영화
춘몽,장률,(주)프레인글로벌,2016-10-13,장편,한국,96,114343700,14423,"58,604,500","7,095",드라마,15세관람가,독립/예술영화
카우 삼총사,"윌 핀,존 샌포드",한국소니픽쳐스릴리징브에나비스타영화㈜,2004-08-06,장편,미국,0,0,14396,0,"5,789",애니메이션,전체관람가,일반영화
무수단,구모,오퍼스픽쳐스(유),2016-03-03,장편,한국,228,112188400,14386,"27,050,200","3,369",미스터리,15세관람가,일반영화
커넥트,제이콥 체이스,(주)이수C&E,2021-01-20,장편,미국,386,127565260,14374,"29,122,840","3,159",공포(호러),15세관람가,독립/예술영화
리틀 보이,알레한드로 몬테베르드,플러스엠 엔터테인먼트,2015-12-10,장편,미국,143,100778300,14343,"29,966,300","3,931",드라마,12세관람가,독립/예술영화
너는 여기에 없었다,린 램지,(주)팝엔터테인먼트,2018-10-04,장편,프랑스,47,127181450,14336,"85,128,250","9,337",드라마,15세관람가,독립/예술영화
더 문,던칸 존스,(주)영화사구안,2009-11-26,장편,영국,46,103466465,14331,"49,848,500","6,671",SF,12세관람가,독립/예술영화
터치 오브 라이트,장영치,씨너스엔터테인먼트(주),2013-03-14,장편,기타,128,94716000,14323,"59,967,000","9,098",드라마,전체관람가,독립/예술영화
노스 컨츄리,니키 카로,워너브러더스 코리아(주),2006-04-27,장편,미국,0,0,14300,0,"9,759",드라마,15세관람가,일반영화
브링 홈: 아버지의 땅,텐진 체탄 초클리,(주)드림팩트엔터테인먼트,2016-09-01,장편,한국,36,111180200,14289,"68,202,000","8,502",다큐멘터리,전체관람가,독립/예술영화
수영장으로 간 남자들,질 를르슈,(주)엣나인필름,2019-07-18,장편,프랑스,79,115372096,14285,"78,520,576","9,157",코미디,15세관람가,독립/예술영화
마이 뉴욕 다이어리,필리프 팔라도,(주)영화사 진진,2021-12-09,장편,기타,180,113072030,14275,"63,690,360","8,498",드라마,12세관람가,독립/예술영화
퍼스트 카우,켈리 레인하르트,(주)영화사 진진,2021-11-04,장편,미국,38,130955380,14265,"96,759,780","10,304",드라마,12세관람가,독립/예술영화
유니콘 원정대: 비밀의 다이어리,카말 반살,(주)팝엔터테인먼트,2018-06-21,장편,기타,235,109649600,14261,"16,130,900","1,979",애니메이션,전체관람가,독립/예술영화
알리바이,"맷 체코스키,커트 마틸라",미디어라인코리아,2006-01-12,장편,미국,0,0,14245,0,"6,136",드라마,15세관람가,일반영화
라스트 홈,라민 바흐러니,(주)브리즈픽처스,2016-04-07,장편,미국,163,109954000,14241,"54,577,800","6,928",드라마,15세관람가,독립/예술영화
개구리왕국 2,펭 페이,예지림엔터테인먼트,2017-03-23,장편,중국,171,99741700,14236,"17,001,300","2,131",애니메이션,전체관람가,독립/예술영화
하나와 앨리스: 살인사건,이와이 슌지,(주)씨제이이엔엠,2015-05-27,장편,일본,67,112007100,14226,"59,834,800","7,437",애니메이션,12세관람가,독립/예술영화
양지의 그녀,미키 타카히로,(주)영화사오원,2019-03-21,장편,일본,134,123216580,14224,"65,305,000","7,446",멜로/로맨스,12세관람가,독립/예술영화
피는 물보다 진하다,김희성,(주)이놀미디어,2022-05-25,장편,한국,78,90700500,14201,"31,248,600","5,227",액션,15세관람가,일반영화
보리밭을 흔드는 바람,켄 로치,(주)영화사 진진,2006-11-02,장편,영국,0,0,14190,0,"11,627",드라마,15세관람가,독립/예술영화
아티스트 봉만대,봉만대,씨너스엔터테인먼트(주),2013-08-29,장편,한국,131,93817000,14188,"43,885,000","6,787",코미디,청소년관람불가,일반영화
저 하늘에도 슬픔이,한명구,무비즈엔터테인먼트㈜,2007-05-17,장편,한국,0,0,14168,0,"14,168",가족,전체관람가,일반영화
아노말리사,"찰리 카우프만,듀크 존슨",롯데쇼핑㈜롯데엔터테인먼트,2016-03-30,장편,미국,93,115387000,14153,"78,595,500","9,486",애니메이션,청소년관람불가,독립/예술영화
해피 어게인,커트 보엘커,(주)엣나인필름,2018-03-28,장편,미국,98,104133900,14134,"66,054,500","8,693",드라마,15세관람가,독립/예술영화
거북이도 난다,바흐만 고바디,(주)씨제이이엔엠,2005-04-22,장편,기타,0,0,14104,0,"10,780",드라마,15세관람가,독립/예술영화
박치기!,이즈츠 카즈유키,프리비젼엔터테인먼트,2006-02-14,장편,일본,0,0,14096,0,"13,373",드라마,15세관람가,일반영화
아타나주아,제카리아스 크넉,㈜영화사 백두대간,2003-12-19,장편,기타,0,0,14083,0,"12,066",드라마,15세관람가,독립/예술영화
중2병이라도 사랑이 하고 싶어! 극장판,이시하라 타츠야,(주)머스트씨무비,2014-02-06,장편,일본,32,90261500,14064,"36,739,000","5,616",애니메이션,전체관람가,독립/예술영화
테레즈 라캥,찰리 스트레이턴,판씨네마(주),2014-07-10,장편,미국,48,106422700,14063,"68,862,800","8,788",범죄,청소년관람불가,독립/예술영화
그레이시 스토리,데이비스 구겐하임,(주)미로비젼,2008-03-27,장편,미국,90,85848000,14043,"31,779,500","4,851",드라마,12세관람가,일반영화
청춘적니,샤모,(주)다자인소프트,2022-01-12,장편,중국,112,116128670,14012,"60,872,500","7,316",멜로/로맨스,12세관람가,독립/예술영화
벨파스트,케네스 브래너,유니버설픽쳐스인터내셔널 코리아(유),2022-03-23,장편,미국,272,127992070,14002,"70,985,280","7,547",드라마,12세관람가,독립/예술영화
호미사이드,론 쉘톤,콜럼비아트라이스타,2003-12-12,장편,미국,0,0,14000,0,"5,277",액션,15세관람가,일반영화
킹 오브 프리즘 –샤이니 세븐 스타즈- IV 루이x신x언노운,히시다 마사카즈,동우에이앤이(주),2019-05-30,장편,일본,30,118122030,13993,"86,071,180","9,849",애니메이션,15세관람가,일반영화
마이 마이 신코 이야기,카타부치 스나오,에이원엔터테인먼트,2009-12-10,장편,일본,31,90892500,13955,"28,109,500","3,927",애니메이션,전체관람가,일반영화
체크 히어로,"앤더스 마테센,토르비욘 크리스토퍼센",예지림엔터테인먼트,2019-10-23,장편,기타,221,101176750,13951,"26,585,980","3,286",애니메이션,전체관람가,독립/예술영화
밤과 낮,홍상수,(주)스폰지이엔티,2008-02-28,장편,한국,18,94755757,13940,"24,704,500","9,892",드라마,청소년관람불가,독립/예술영화
자객 섭은낭,허우 샤오시엔,(주)영화사 진진,2016-02-04,장편,기타,52,108695700,13938,"63,270,100","7,625",사극,12세관람가,독립/예술영화
네이든,모건 매튜스,(주)블룸즈베리리소시스리미티드,2015-06-25,장편,영국,49,105900400,13912,"62,296,200","7,841",드라마,12세관람가,독립/예술영화
뷰티풀 보이,펠릭스 반 그뢰닝엔,(주)이수C&E,2019-09-19,장편,미국,130,110353198,13906,"66,158,718","8,137",드라마,15세관람가,독립/예술영화
보트,김영남,(주)스폰지이엔티,2009-05-28,장편,한국,51,94173691,13904,"50,262,500","7,126",드라마,15세관람가,독립/예술영화
호스트: 접속금지,롭 새비지,(주)넥스트엔터테인먼트월드(NEW),2021-07-21,장편,영국,148,128187100,13866,"33,525,500","3,761",공포(호러),15세관람가,독립/예술영화
뜨거운 피: 디 오리지널,천명관,(주)스튜디오디에이치엘,2022-05-26,장편,한국,59,111999200,13854,"32,878,000","4,180",액션,청소년관람불가,일반영화
프로즌 그라운드,스콧 워커,(주)박수엔터테인먼트,2014-02-06,장편,미국,88,103660500,13853,"30,913,500","4,085",스릴러,청소년관람불가,일반영화
위로공단,임흥순,(주)엣나인필름,2015-08-13,장편,한국,34,103598000,13827,"75,447,100","9,644",다큐멘터리,15세관람가,독립/예술영화
테이킹 우드스탁,이안,(주)영화사구안,2010-07-29,장편,미국,14,104188298,13809,"90,024,000","11,756",코미디,청소년관람불가,독립/예술영화
호비와 엄마나무섬의 비밀,히라바야시 이사무,(주)머스트씨무비릴리징컴퍼니,2015-07-02,장편,일본,74,94353500,13802,"30,044,000","4,250",애니메이션,전체관람가,독립/예술영화
미어캣의 모험,제임스 허니본,예지림엔터테인먼트,2009-08-06,장편,영국,62,97192628,13797,"30,779,500","4,273",다큐멘터리,전체관람가,일반영화
미스터 터너,마이크 리,(주)영화사 진진,2015-01-22,장편,영국,29,105909883,13792,"77,523,683","9,588",드라마,청소년관람불가,독립/예술영화
산이 울다,래리 양,(주)팝엔터테인먼트,2016-05-25,장편,중국,107,104827700,13791,"37,604,000","4,620",드라마,15세관람가,독립/예술영화
헤이츠,마크 톤데라이,(주)나이너스엔터테인먼트,2012-12-06,장편,미국,75,94348000,13747,"35,434,000","4,791",스릴러,15세관람가,일반영화
웨이 다운,하우메 발라게로,(주)누리픽쳐스,2021-03-11,장편,기타,309,120956030,13743,"40,654,830","4,607",액션,15세관람가,일반영화
너와 사랑한 시간,황진진,오드,2022-11-30,장편,기타,92,94305800,13722,"40,889,800","5,943",멜로/로맨스,12세관람가,일반영화
가나의 혼인잔치: 언약,기타,(재)CBS,2020-11-26,장편,미국,116,120357330,13712,"37,781,630","4,166",다큐멘터리,전체관람가,일반영화
꼬마비행기 피티와 친구들:사막구출 대작전,루카스 퀴아오,와이드 릴리즈(주),2018-11-22,장편,중국,212,95151000,13710,"11,260,200","1,381",애니메이션,전체관람가,일반영화
류이치 사카모토: 코다,스티븐 쉬블,주식회사 씨네룩스,2018-06-14,장편,일본,49,116333100,13709,"88,953,400","10,230",다큐멘터리,전체관람가,독립/예술영화
나이팅게일,제니퍼 켄트,(주)제이앤씨미디어그룹,2020-12-30,장편,기타,329,112682610,13702,"35,213,240","4,301",스릴러,청소년관람불가,독립/예술영화
해길랍,채밀결,오드,2021-03-31,장편,기타,223,120957390,13690,"56,986,890","6,353",멜로/로맨스,15세관람가,독립/예술영화
극장판 타오르지마 버스터-블랙어썰트의 귀환,조영광,(주)이수C&E,2019-12-05,장편,한국,259,95196920,13685,"13,697,860","1,659",코미디,전체관람가,독립/예술영화
심야카페: 미씽 허니,정윤수,(주)영화특별시에스엠씨,2022-11-17,장편,한국,174,98978194,13682,"48,820,495","6,519",멜로/로맨스,12세관람가,일반영화
토니 에드만,마렌 아데,그린나래미디어(주),2017-03-16,장편,독일,64,109972800,13677,"76,505,000","9,187",드라마,청소년관람불가,독립/예술영화
헤이지니&럭키강이 비밀의 문,안진성,(주)영화사 그램,2022-12-01,장편,한국,282,126092766,13642,"19,149,898","1,823",공연,전체관람가,일반영화
오직 사랑뿐,엠마 아산테,(주)팝엔터테인먼트,2018-02-08,장편,영국,105,106539718,13580,"66,763,118","8,093",드라마,12세관람가,독립/예술영화
버티고,전계수,(주)트리플픽쳐스,2019-10-16,장편,한국,298,115864340,13567,"59,318,100","6,599",드라마,15세관람가,독립/예술영화
클라라,헬마 잔더스-브람스,(주)영화사 진진,2010-12-16,장편,독일,4,99611500,13557,"87,765,600","11,616",드라마,15세관람가,독립/예술영화
헤어드레서,도리스 되리에,(주)영화사 진진,2011-07-14,장편,독일,13,106421000,13533,"88,046,500","10,899",드라마,15세관람가,독립/예술영화
해피 홀리데이,"앤디 해밀턴,가이 젠킨",(주)스톰픽쳐스코리아,2015-05-14,장편,영국,102,102633800,13529,"42,765,500","5,366",코미디,12세관람가,독립/예술영화
피치 퍼펙트,제이슨 무어,유니버설픽쳐스인터내셔널 코리아(유),2013-03-28,장편,미국,143,90720000,13520,"33,990,000","4,972",코미디,15세관람가,일반영화
오마주,신수원,트윈플러스파트너스(주),2022-05-26,장편,한국,133,102534500,13519,"65,811,900","8,643",드라마,12세관람가,독립/예술영화
요시노 이발관,오기가미 나오코,(주)스폰지이엔티,2009-06-25,장편,일본,7,91911423,13512,"79,416,200","11,303",코미디,전체관람가,독립/예술영화
피막,반종 피산다나쿤,와이드 릴리즈(주),2014-09-25,장편,기타,170,101978400,13484,"41,048,400","5,190",코미디,12세관람가,독립/예술영화
용서,김종철,씨너스엔터테인먼트(주),2010-12-05,장편,한국,4,95444204,13478,"66,990,000","8,852",다큐멘터리,12세관람가,독립/예술영화
와와의 학교 가는 날,펑천,(주)마노엔터테인먼트,2016-10-27,장편,중국,48,70906800,13477,"18,812,200","2,997",드라마,전체관람가,독립/예술영화
원피스 3D : 밀짚모자 체이스,사토 히로유키,(주)미디어데이,2012-01-26,단편,일본,111,91648500,13475,"19,565,500","2,668",애니메이션,전체관람가,일반영화
터미네이터 2 : 심판의 날 감독판,제임스 카메론,(주)팝엔터테인먼트,2013-11-14,장편,미국,47,96779000,13426,"44,482,000","6,048",액션,15세관람가,일반영화
임을 위한 행진곡,박기복,(주)알앤오엔터테인먼트,2018-05-16,장편,한국,160,101338200,13424,"20,317,200","2,329",드라마,15세관람가,독립/예술영화
데어 윌 비 블러드,폴 토마스 앤더슨,한국소니픽쳐스릴리징브에나비스타영화㈜,2008-03-06,장편,미국,6,92687000,13416,"87,073,000","12,534",스릴러,15세관람가,일반영화
엔딩스 비기닝스,드레이크 도리머스,(주)스마일이엔티,2020-06-24,장편,미국,251,110180880,13401,"42,567,180","5,064",드라마,15세관람가,독립/예술영화
베스트 오브 미,마이클 호프만,플러스엠 엔터테인먼트,2015-06-18,장편,미국,118,100915600,13399,"44,377,500","5,714",드라마,15세관람가,일반영화
다우트,존 패트릭 셰인리,한국소니픽쳐스릴리징브에나비스타영화㈜,2009-02-12,장편,미국,11,93789787,13377,"74,276,500","10,477",드라마,15세관람가,독립/예술영화
"알로, 슈티",대니 분,(주)프레인글로벌,2015-07-02,장편,프랑스,33,107360900,13373,"79,465,800","9,634",코미디,12세관람가,독립/예술영화
밀크,구스 반 산트,주식회사 마운틴픽쳐스,2010-02-25,장편,미국,31,97068007,13372,"74,073,000","9,981",드라마,15세관람가,독립/예술영화
황금시대,허안화,판씨네마(주),2014-10-16,장편,중국,58,98582100,13371,"55,091,000","7,180",드라마,12세관람가,독립/예술영화
귀 鬼,"김조광수,여명준,조은경,홍동명",(주)씨제이이엔엠,2010-06-10,옴니버스,한국,30,96385308,13319,"31,758,500","4,180",공포(호러),15세관람가,일반영화
토마스와 친구들: 그레이트 레이스,데이비드 스토튼,와이드 릴리즈(주),2017-11-30,장편,영국,249,98705400,13314,"24,695,000","3,097",애니메이션,전체관람가,일반영화
나이트폴,주현량,(주)나이너스엔터테인먼트,2012-09-27,장편,기타,108,99076000,13307,"40,680,500","5,303",액션,청소년관람불가,일반영화
더 도어,안노 사울,예지림엔터테인먼트,2010-09-02,장편,독일,26,103443099,13283,"50,924,500","6,314",드라마,청소년관람불가,일반영화
볼링 포 콜럼바인,마이클 무어,프라임픽쳐스,2003-04-24,장편,미국,0,0,13279,0,"11,250",다큐멘터리,15세관람가,독립/예술영화
어느 예술가의 마지막 일주일,"마르잔 사트라피,뱅상 파로노",프리비젼엔터테인먼트,2013-06-20,장편,프랑스,18,93001000,13267,"54,354,500","7,218",드라마,15세관람가,독립/예술영화
봄,조근현,필라멘트픽쳐스,2014-11-20,장편,한국,112,98566100,13234,"53,449,000","6,980",드라마,청소년관람불가,독립/예술영화
키코리키: 시간여행,데니스 체르노프,(주)박수엔터테인먼트,2019-04-10,장편,기타,292,95865460,13222,"15,433,300","1,920",애니메이션,전체관람가,일반영화
하이 스쿨 뮤지컬: 졸업반,케니 오테가,한국소니픽쳐스릴리징브에나비스타영화㈜,2009-02-19,장편,미국,9,82871663,13217,"52,083,000","8,154",코미디,전체관람가,일반영화
런치박스,리테쉬 바트라,(주)팝엔터테인먼트,2014-04-10,장편,기타,40,99580000,13213,"58,665,300","7,554",멜로/로맨스,12세관람가,독립/예술영화
올 이즈 로스트,J.C 챈더,유니버설픽쳐스인터내셔널 코리아(유),2013-11-07,장편,미국,33,97529000,13196,"70,416,500","9,340",드라마,12세관람가,독립/예술영화
파닥파닥,이대희,(주)씨제이이엔엠,2012-07-25,장편,한국,51,87647900,13194,"44,068,900","6,513",애니메이션,12세관람가,독립/예술영화
"귀향, 끝나지 않은 이야기",조정래,커넥트픽쳐스(주),2017-09-14,장편,한국,207,95769200,13193,"31,504,500","4,236",드라마,15세관람가,독립/예술영화
벤 이즈 백,피터 헤지스,(주)팝엔터테인먼트,2019-05-09,장편,미국,78,105071865,13192,"62,589,265","7,651",드라마,15세관람가,독립/예술영화
골!,대니 캐넌,브에나비스타인터내셔널코리아,2005-11-04,장편,미국,0,0,13165,0,"4,871",드라마,12세관람가,일반영화
오피셜 시크릿,개빈 후드,(주)팬엔터테인먼트,2019-11-27,장편,영국,153,105679300,13163,"45,343,700","5,500",스릴러,15세관람가,독립/예술영화
슈퍼스타 뚜루,기타,(주)박수엔터테인먼트,2020-06-04,장편,기타,300,101306020,13146,"9,159,220","1,065",뮤지컬,전체관람가,일반영화
돌아온다,허철,(주)더블앤조이픽쳐스,2017-12-07,장편,한국,58,82977300,13130,"68,832,500","10,886",드라마,12세관람가,독립/예술영화
블랙버드,지나 프린스-바이스우드,(주)영화사 빅,2015-01-28,장편,미국,135,97711400,13130,"46,203,800","6,112",드라마,15세관람가,독립/예술영화
내 청춘에게 고함,김영남,(주)이모션픽처스,2006-07-13,장편,한국,0,0,13124,0,"10,372",드라마,청소년관람불가,독립/예술영화
도쿄 리벤저스,하나부사 츠토무,(주)넥스트엔터테인먼트월드(NEW),2022-01-19,장편,일본,216,128177240,13122,"51,534,690","5,004",드라마,15세관람가,일반영화
48미터,민백두,(주)씨제이이엔엠,2013-07-04,장편,한국,35,101214000,13118,"46,252,500","5,855",드라마,15세관람가,독립/예술영화
퍼스널 쇼퍼,올리비에 아사야스,아이 엠,2017-02-09,장편,프랑스,79,105300600,13113,"72,294,800","8,730",드라마,15세관람가,독립/예술영화
내가 사는 피부,페드로 알모도바르,(주)영화사 조제,2011-12-29,장편,기타,16,103927500,13090,"86,719,000","10,683",드라마,청소년관람불가,독립/예술영화
언플랜드,"척 콘젤만,캐리 솔로몬",(주)영화사오원,2020-12-17,장편,미국,281,112081660,13087,"36,023,570","4,208",드라마,15세관람가,일반영화
웃는남자 감독판,김수기,(주)디지컴코리아엠앤엠,2019-11-29,장편,한국,18,172341000,13087,"112,511,500","8,527",공연,전체관람가,일반영화
극장판 유루캠△,기타,(주)애니플러스,2022-10-27,장편,일본,84,134129789,13086,"51,680,505","4,898",애니메이션,전체관람가,일반영화
언더 더 씨2,에반 트라멜,이언픽쳐스,2019-05-23,장편,미국,269,92593360,13086,"11,023,340","1,432",애니메이션,전체관람가,일반영화
더 레이디,뤽 베송,(주)씨제이이엔엠,2012-09-06,장편,프랑스,97,96024000,13051,"55,472,500","7,199",드라마,15세관람가,일반영화
타임 투 리브,프랑수아 오종,스폰지,2006-02-09,장편,프랑스,0,0,13050,0,"11,441",드라마,청소년관람불가,독립/예술영화
숀더쉽 더 무비: 꼬마 외계인 룰라!,"리처드 펠런,윌 베처",TCO(주)더콘텐츠온,2020-02-19,장편,영국,270,98830340,13046,"34,431,940","4,234",애니메이션,전체관람가,일반영화
런던 프라이드,매튜 워처스,(주)영화사 진진,2017-04-27,장편,영국,37,100072200,13035,"70,174,300","8,768",코미디,15세관람가,독립/예술영화
베네데타,폴 버호벤,(주)팝엔터테인먼트,2021-12-01,장편,프랑스,157,122446300,13019,"66,697,500","7,243",드라마,청소년관람불가,독립/예술영화
경축! 우리사랑,오점균,(주)스폰지이엔티,2008-04-10,장편,한국,31,83288000,13016,"37,559,500","5,619",드라마,15세관람가,독립/예술영화
작가 미상,플로리안 헨켈 폰 도너스마르크,(주)영화사 진진,2020-02-20,장편,독일,55,104603460,13003,"75,661,180","9,087",드라마,청소년관람불가,독립/예술영화
프리! 더 파이널 스트로크 전편,카와나미 에이사쿠,(주)애니플러스,2022-01-20,장편,일본,77,127488230,12996,"55,330,050","5,315",애니메이션,전체관람가,일반영화
온리 유,장하오,(주)영화사 빅,2015-10-15,장편,중국,111,96822200,12990,"50,934,700","6,712",멜로/로맨스,15세관람가,독립/예술영화
사랑은 타이핑 중!,레지스 르왕사르,판씨네마(주),2013-05-22,장편,프랑스,114,87617561,12983,"48,112,061","7,011",멜로/로맨스,15세관람가,독립/예술영화
연애사진,츠츠미 유키히코,(주)스폰지이엔티,2004-04-09,장편,일본,0,0,12981,0,"6,959",드라마,15세관람가,일반영화
별의 정원,원종식,예지림엔터테인먼트,2019-07-04,장편,한국,210,85603300,12953,"19,514,180","2,358",애니메이션,전체관람가,독립/예술영화
"안녕, 전우치! 도술로봇대결전",김대창,(주)리틀빅픽쳐스,2015-10-08,장편,한국,173,91427600,12943,"20,323,600","2,672",애니메이션,전체관람가,독립/예술영화
나의 판타스틱 데뷔작,가스 제닝스,예지림엔터테인먼트,2009-05-07,장편,영국,75,80703773,12941,"41,576,500","6,484",코미디,12세관람가,독립/예술영화
용순,신준,롯데쇼핑㈜롯데엔터테인먼트,2017-06-08,장편,한국,126,95447200,12901,"51,672,500","6,816",드라마,15세관람가,독립/예술영화
사랑하고 있습니까,김정권,주식회사 블루필름웍스,2020-03-25,장편,한국,295,102673840,12878,"33,305,780","4,066",판타지,12세관람가,독립/예술영화
아바타 정글의 비밀,슈커,(주)팝엔터테인먼트,2014-03-27,장편,중국,162,86145900,12876,"15,537,400","2,200",애니메이션,전체관람가,일반영화
아이 씨 유,아담 랜달,(주)홈초이스,2021-03-11,장편,영국,113,118153190,12870,"45,595,620","4,895",스릴러,15세관람가,독립/예술영화
원스 어게인,"카를로 미라벨라 데이비스,크리스 답킨스,닉 어거스트 페르나",(주)영화사 진진,2012-01-12,장편,미국,28,99349300,12866,"72,633,300","9,046",드라마,12세관람가,독립/예술영화
할리데이,"맥스 기와,다니아 파스퀴니",(주)영화사 빅,2014-10-16,장편,영국,147,94888000,12859,"50,508,500","6,630",뮤지컬,15세관람가,독립/예술영화
새 구두를 사야해,키타가와 에리코,(주)영화사 진진,2013-04-25,장편,일본,25,92332000,12845,"67,185,500","9,052",멜로/로맨스,12세관람가,독립/예술영화
세이빙 미스터 뱅크스,존 리 행콕,소니픽쳐스릴리징월트디즈니스튜디오스코리아(주),2014-04-03,장편,미국,56,100274300,12831,"50,048,800","6,236",코미디,12세관람가,일반영화
킥 애스 2 : 겁없는 녀석들,제프 와드로,유니버설픽쳐스인터내셔널 코리아(유),2013-10-17,장편,미국,152,92028000,12827,"45,288,500","6,085",액션,청소년관람불가,일반영화
엘리펀트,구스 반 산트,(주)동숭아트센터,2004-08-27,장편,미국,0,0,12812,0,"11,745",범죄,청소년관람불가,독립/예술영화
내 슬픈 창녀들의 추억,헨닝 칼슨,CGV아트하우스,2012-07-19,장편,기타,15,77072500,12806,"59,410,500","10,303",드라마,청소년관람불가,독립/예술영화
트윈스터즈,"사만다 푸터먼,라이언 미야모토",CGV아트하우스,2016-03-03,장편,미국,126,102163500,12804,"57,406,300","7,005",다큐멘터리,12세관람가,독립/예술영화
라라걸,레이첼 그리피스,판씨네마(주),2020-04-15,장편,기타,187,108684460,12785,"60,181,040","6,862",드라마,전체관람가,독립/예술영화
몰리스 게임,아론 소킨,(주)영화사 빅,2018-09-06,장편,미국,271,98185971,12784,"38,376,771","4,724",드라마,15세관람가,독립/예술영화
아유레디?,허원,(주)나이너스엔터테인먼트,2013-09-26,장편,한국,21,87050500,12767,"49,108,000","6,947",다큐멘터리,12세관람가,독립/예술영화
로스트 도터,매기 질렌할,(주)영화특별시에스엠씨,2022-07-14,장편,미국,66,119140200,12761,"81,111,200","8,268",드라마,15세관람가,독립/예술영화
빅 2: 황금열쇠 대소동,기타,(주)영화사 그램,2019-10-30,장편,기타,257,96947060,12744,"20,182,440","2,495",애니메이션,전체관람가,일반영화
킹 오브 프리즘 올 스타즈 -프리즘 쇼☆베스트10-,히시다 마사카즈,동우에이앤이(주),2020-04-02,장편,일본,55,102699510,12737,"69,158,980","8,323",애니메이션,12세관람가,일반영화
레알,보르하 만소,(주)씨제이이엔엠,2005-11-23,장편,기타,0,0,12733,0,"6,634",다큐멘터리,전체관람가,일반영화
콰르텟,더스틴 호프만,㈜영화사 백두대간,2013-03-28,장편,영국,37,90236000,12717,"64,225,000","8,613",코미디,12세관람가,독립/예술영화
아스테릭스: 마법 물약의 비밀,"루이 클리시,알렉상드르 아스티에",(주)박수엔터테인먼트,2019-12-12,장편,프랑스,166,78814680,12714,"10,639,380","1,406",애니메이션,전체관람가,일반영화
서버비콘,조지 클루니,(주)영화사 진진,2018-07-12,장편,미국,101,106162500,12713,"67,451,000","7,834",범죄,15세관람가,독립/예술영화
가재가 노래하는 곳,올리비아 뉴먼,소니픽쳐스엔터테인먼트코리아주식회사극장배급지점,2022-11-02,장편,미국,264,126610889,12704,"60,583,244","6,001",드라마,15세관람가,일반영화
사다코 2,하나부사 츠토무,(주)미디어데이,2014-03-13,장편,일본,100,92668200,12696,"21,654,300","2,919",공포(호러),15세관람가,일반영화
서유기 리턴즈,신동엽,(주)영화사 조제,2011-02-17,장편,한국,59,80194000,12696,"13,435,000","2,044",코미디,전체관람가,일반영화
시선,이장호,(주)나이너스엔터테인먼트,2014-04-16,장편,한국,112,90171000,12694,"36,737,200","5,149",드라마,12세관람가,독립/예술영화
리플레이,데이비드 하인즈,(주)다자인소프트,2020-12-16,장편,미국,242,103182310,12692,"56,517,660","6,934",드라마,12세관람가,독립/예술영화
럼 다이어리,브루스 로빈슨,(주)마인스 엔터테인먼트,2012-09-20,장편,미국,126,91844000,12685,"45,236,000","6,058",코미디,청소년관람불가,일반영화
메이드 인 이태리,제임스 다시,오드,2021-11-24,장편,영국,124,106797420,12678,"57,407,970","6,892",드라마,12세관람가,독립/예술영화
티탄,줄리아 듀코나우,(주)영화특별시에스엠씨,2021-12-09,장편,프랑스,92,125658020,12663,"84,612,480","8,309",드라마,청소년관람불가,독립/예술영화
베르테르,조광하,CGV ICECON,2021-05-05,장편,한국,68,223809000,12646,"81,065,500","4,585",뮤지컬,12세관람가,일반영화
극장판 토리코 : 미식신의 스페셜메뉴,자코 아키후미,(주)미디어데이,2013-11-28,장편,일본,38,83206000,12635,"19,963,500","2,922",애니메이션,전체관람가,일반영화
레고:클러치파워의 모험,하워드 E.베이커,유니버설픽쳐스인터내셔널 코리아(유),2010-06-10,장편,미국,56,87727863,12631,"32,830,000","4,287",애니메이션,전체관람가,일반영화
다섯 개의 시선,"정지우,김동원,박경희,류승완,장진",(주)씨제이이엔엠,2006-01-13,옴니버스,한국,0,0,12621,0,"9,987",다큐멘터리,12세관람가,일반영화
미혹,김진영,(주)엔케이컨텐츠,2022-10-19,장편,한국,224,99911491,12620,"38,889,797","4,808",미스터리,15세관람가,독립/예술영화
옷코는 초등학생 사장님!,코사카 키타로,(주)트리플픽쳐스,2019-02-27,장편,일본,155,95118580,12611,"34,443,550","4,333",애니메이션,전체관람가,독립/예술영화
믿음의 승부,알렉스 켄드릭,크로스픽쳐스(주),2010-04-15,장편,미국,3,84681026,12572,"61,414,000","9,072",드라마,전체관람가,일반영화
브로큰 시티,알렌 휴즈,(주)팝파트너스,2013-04-04,장편,미국,80,90551000,12557,"38,153,000","5,216",범죄,15세관람가,일반영화
페어웰,룰루 왕,오드,2021-02-04,장편,미국,162,104799900,12555,"59,982,100","6,948",가족,전체관람가,독립/예술영화
시인의 사랑,김양희,CGV아트하우스,2017-09-14,장편,한국,119,97464900,12547,"59,196,400","7,243",드라마,15세관람가,독립/예술영화
코스모폴리스,데이빗 크로넨버그,(주)더블앤조이픽쳐스,2013-06-27,장편,기타,28,94707700,12545,"60,800,200","7,522",드라마,청소년관람불가,독립/예술영화
호두까기 인형: 장난감 왕국 대모험,에두와르도 슐츠,THE 픽쳐스,2016-12-15,장편,기타,96,87481400,12542,"21,877,600","2,556",애니메이션,전체관람가,독립/예술영화
플레이,남다정,(주)영화사 진진,2011-06-23,장편,한국,33,90815000,12536,"65,130,000","8,656",드라마,전체관람가,독립/예술영화
슈퍼 햄찌,주나 테나,와이드 릴리즈(주),2019-09-26,장편,기타,209,94640540,12493,"23,103,400","2,842",애니메이션,전체관람가,일반영화
엔딩노트,마미 스나다,(주)영화사 진진,2012-11-29,장편,일본,13,87708500,12491,"67,874,000","9,194",드라마,전체관람가,독립/예술영화
더 보이스,마르잔 사트라피,(주)제이앤씨미디어그룹,2018-08-29,장편,미국,64,71256000,12487,"19,242,000","2,295",코미디,청소년관람불가,독립/예술영화
커피와 담배,짐 자무시,(주)영화사 안다미로,2006-07-27,장편,미국,0,0,12476,0,"10,955",드라마,청소년관람불가,독립/예술영화
미스터 라잇,파코 카베자스,(주)누리픽쳐스,2016-06-16,장편,미국,92,92430800,12465,"26,196,500","3,338",액션,청소년관람불가,일반영화
코파카바나,마르끄 피투시,(주)티캐스트,2011-05-26,장편,프랑스,7,98381000,12462,"89,059,000","11,058",드라마,15세관람가,독립/예술영화
동쪽의 에덴 극장판 ① 더 킹오브 에덴,카미야마 켄지,애니박스 엔터테인먼트,2010-01-28,장편,일본,53,84550985,12460,"35,097,500","4,985",애니메이션,전체관람가,일반영화
세인트 아가타,대런 린 보우즈만,(주)디스테이션,2020-03-19,장편,미국,390,109460080,12450,"32,200,220","3,603",공포(호러),청소년관람불가,독립/예술영화
혼자 사는 사람들,홍성은,주식회사 더쿱,2021-05-19,장편,한국,159,110800560,12447,"63,579,970","6,980",드라마,12세관람가,독립/예술영화
샤넬과 스트라빈스키,얀 쿠넹,주식회사 마운틴픽쳐스,2011-08-25,장편,프랑스,20,96159500,12439,"77,300,000","9,787",드라마,청소년관람불가,독립/예술영화
아직 끝나지 않았다,자비에 르그랑,판씨네마(주),2018-06-21,장편,프랑스,70,101744100,12433,"65,575,700","7,651",드라마,15세관람가,독립/예술영화
레미제라블: 뮤지컬 콘서트,제임스 파우웰,유니버설픽쳐스인터내셔널 코리아(유),2020-05-13,장편,미국,339,162921920,12426,"68,174,940","5,768",뮤지컬,12세관람가,일반영화
소나기,안재훈,(주)리틀빅픽쳐스,2017-08-31,장편,한국,151,79482808,12425,"21,701,600","3,182",애니메이션,전체관람가,독립/예술영화
바리바리 짱,"남기남,정창욱",(주)씨제이이엔엠,2005-08-19,장편,한국,0,0,12417,0,"2,063",코미디,12세관람가,일반영화
레옹 디 오리지널,뤽 베송,(주)제이앤씨미디어그룹,2020-06-11,장편,프랑스,130,76130900,12403,"39,190,480","6,359",액션,청소년관람불가,일반영화
와일드라이프,폴 다노,그린나래미디어(주),2019-12-25,장편,미국,49,98887120,12393,"68,333,140","8,270",드라마,15세관람가,독립/예술영화
뱅드림! 팝핀' 드림!,카키모토 코다이,(주)애니플러스,2022-03-24,장편,일본,105,121601460,12386,"51,443,710","4,935",애니메이션,전체관람가,일반영화
나의 작은 시인에게,사라 코랑겔로,(주)엣나인필름,2019-04-04,장편,미국,46,99935044,12385,"66,661,644","7,755",드라마,15세관람가,독립/예술영화
너는 달밤에 빛나고,츠키카와 쇼,(주)이수C&E,2020-06-10,장편,일본,178,109578000,12382,"39,604,500","4,378",멜로/로맨스,12세관람가,독립/예술영화
할람 포,데이빗 맥킨지,(주)영화사 진진,2008-04-30,장편,영국,15,84243500,12379,"56,498,000","8,018",드라마,청소년관람불가,독립/예술영화
업 포 러브,로랑 티라르,(주)엣나인필름,2016-12-21,장편,프랑스,64,97231300,12377,"66,438,200","8,098",멜로/로맨스,15세관람가,독립/예술영화
공기인형,고레에다 히로카즈,오드,2010-04-08,장편,일본,15,95369439,12371,"70,156,800","8,913",드라마,청소년관람불가,독립/예술영화
하얀리본,미카엘 하네케,(주)영화사 안다미로,2010-07-01,장편,독일,2,90595994,12367,"87,078,600","11,850",드라마,15세관람가,독립/예술영화
호텔 르완다,테리 조지,(주)동숭아트센터,2006-09-07,장편,영국,0,0,12353,0,"9,289",드라마,12세관람가,일반영화
우리 사랑이 향기로 남을 때,임성용,주식회사 콘텐츠존,2023-02-08,장편,한국,173,115272800,12346,"40,588,500","4,521",멜로/로맨스,15세관람가,일반영화
불도저에 탄 소녀,박이웅,트윈플러스파트너스(주),2022-04-07,장편,한국,203,102995240,12335,"56,147,770","6,974",드라마,15세관람가,독립/예술영화
파워 오브 도그,제인 캠피온,씨제이 씨지브이(CJ CGV)(주),2021-11-17,장편,미국,113,111354070,12319,"66,479,670","7,391",드라마,15세관람가,일반영화
트루맛쇼,김재환,(주)더 피플,2011-06-02,장편,한국,11,93784000,12311,"67,972,500","8,428",다큐멘터리,12세관람가,독립/예술영화
숨,김기덕,스폰지,2007-04-26,장편,한국,0,0,12293,0,"8,954",드라마,15세관람가,독립/예술영화
세비지 그레이스,톰 칼린,실버스푼,2009-07-09,장편,프랑스,8,88603805,12288,"68,119,500","9,190",드라마,청소년관람불가,독립/예술영화
제로 포커스,이누도 잇신,(주)씨제이이엔엠,2010-03-25,장편,일본,76,90753873,12260,"37,132,500","4,789",드라마,15세관람가,일반영화
로큰롤 인생,스티븐 워커,(주)영화사 진진,2008-11-27,장편,영국,4,78891181,12255,"70,507,000","10,901",다큐멘터리,전체관람가,독립/예술영화
벨라,알레한드로 고메즈 몬테베르드,크로스픽쳐스(주),2009-10-01,장편,미국,17,90113866,12250,"65,814,000","8,894",드라마,전체관람가,독립/예술영화
밤의 이야기,미셸 오슬로,데이지엔터테인먼트,2012-11-29,장편,프랑스,21,92276000,12249,"70,957,000","9,243",애니메이션,전체관람가,독립/예술영화
피터팬: 후크 선장과 결투의 날,찬드라세카란,(주)팝엔터테인먼트,2019-05-30,장편,기타,129,92201100,12220,"18,055,500","2,267",애니메이션,전체관람가,일반영화
어우동: 주인 없는 꽃,이수성,(주)드림팩트엔터테인먼트,2015-01-29,장편,한국,18,60141000,12203,"18,432,000","3,018",멜로/로맨스,청소년관람불가,일반영화
걸리버 리턴즈,기타,(주)박수엔터테인먼트,2022-11-03,장편,기타,206,95148587,12162,"14,617,100","1,552",애니메이션,전체관람가,일반영화
시크릿 가든,마크 먼든,(주)이수C&E,2020-08-19,장편,영국,267,101869660,12137,"45,906,660","5,249",드라마,전체관람가,독립/예술영화
도성풍운 3,왕정,(주)드림팩트엔터테인먼트,2016-11-30,장편,기타,51,67033500,12135,"20,172,000","3,541",코미디,15세관람가,독립/예술영화
특수요원 빼꼼,장양,(주)띵크,2022-06-01,장편,중국,115,106392400,12122,"18,980,340","1,928",애니메이션,전체관람가,독립/예술영화
더 레이서,키에론 J 월쉬,(주)다자인소프트,2021-02-24,장편,기타,146,99539540,12117,"53,261,480","6,380",드라마,15세관람가,독립/예술영화
타투,이서,와이드 릴리즈(주),2015-12-10,장편,한국,133,99263100,12103,"31,315,000","3,727",스릴러,청소년관람불가,일반영화
취한 말들을 위한 시간,바흐만 고바디,㈜영화사 백두대간,2004-07-30,장편,기타,0,0,12099,0,"12,099",드라마,전체관람가,일반영화
맨데이트: 신이 주신 임무,박희준,메가픽쳐스제이씨(주),2008-10-30,장편,한국,84,78616000,12087,"18,421,000","2,648",스릴러,청소년관람불가,일반영화
인터스테이트,밥 게일,프라임픽쳐스,2003-11-14,장편,미국,0,0,12084,0,"4,680",어드벤처,12세관람가,일반영화
조금만 더 가까이,김종관,KT&G 상상마당 영화사업팀 컴퍼니에스에스(주),2010-10-28,장편,한국,20,92621543,12082,"64,697,700","8,193",멜로/로맨스,청소년관람불가,독립/예술영화
성덕,오세연,오드,2022-09-28,장편,한국,60,105907892,12078,"77,074,693","8,452",다큐멘터리,12세관람가,독립/예술영화
피닉스,크리스티안 펫졸드,M&M 인터내셔널,2021-07-22,장편,독일,54,101760190,12057,"72,534,290","8,286",드라마,12세관람가,독립/예술영화
르누아르,질 부르도스,프리비젼엔터테인먼트,2014-02-13,장편,프랑스,22,87654900,12056,"71,332,900","9,511",드라마,청소년관람불가,독립/예술영화
토마스와 친구들: 블루마운틴 미스터리,그렉 티어넌,(주)팝엔터테인먼트,2013-10-17,장편,영국,49,80186500,12054,"34,987,000","4,765",애니메이션,전체관람가,일반영화
사라의 열쇠,질스 파겟-브레너,(주)미디어데이,2011-08-11,장편,프랑스,13,91385400,12049,"69,635,400","8,835",드라마,12세관람가,독립/예술영화
쿵푸 요가,당계례,브릿지웍스 엔터테인먼트(주),2017-03-29,장편,중국,108,91563500,12048,"34,534,000","4,403",액션,12세관람가,독립/예술영화
낫아웃,이정곤,(주)케이티알파,2021-06-03,장편,한국,203,91294980,12045,"52,982,670","7,428",드라마,15세관람가,독립/예술영화
펄스,짐 손제로,유니코리아문예투자(주),2007-08-22,장편,미국,0,0,12043,0,"4,695",공포(호러),15세관람가,일반영화
고양이 춤,윤기형,㈜인디스토리,2011-11-17,장편,한국,24,89895300,12033,"56,694,800","7,373",다큐멘터리,전체관람가,독립/예술영화
스코어: 영화음악의 모든 것,맷 슈레이더,(주)라이크콘텐츠,2017-10-19,장편,미국,34,95563500,12032,"77,972,400","9,559",다큐멘터리,전체관람가,독립/예술영화
디태치먼트,토니 케이,(주)프레인글로벌,2014-05-08,장편,미국,41,91678900,12031,"55,176,400","6,993",드라마,청소년관람불가,독립/예술영화
랜드 오브 마인,마틴 잔드블리엣,(주)싸이더스,2017-04-06,장편,기타,97,89516900,12026,"38,545,500","4,900",드라마,15세관람가,독립/예술영화
오 마이 파파,박혁지,(주)모멘텀엔터테인먼트,2016-11-10,장편,한국,36,85137600,11999,"31,087,300","4,190",다큐멘터리,전체관람가,독립/예술영화
세션 : 이 남자가 사랑하는 법,벤 루윈,이십세기폭스코리아(주),2013-01-17,장편,미국,15,94415500,11974,"82,272,500","10,388",드라마,청소년관람불가,독립/예술영화
내가 고백을 하면,조성규,(주)마인스 엔터테인먼트,2012-11-15,장편,한국,37,91430000,11969,"65,202,000","8,384",멜로/로맨스,15세관람가,독립/예술영화
래빗 홀,존 카메론 밋첼,프리비젼엔터테인먼트,2011-12-22,장편,미국,16,93087400,11939,"72,374,400","8,976",드라마,15세관람가,독립/예술영화
바이올렛 에버가든 – 영원과 자동 수기 인형 -,후지타 하루카,(주)라이크콘텐츠,2020-03-26,장편,일본,62,104091460,11934,"43,978,500","4,790",애니메이션,전체관람가,독립/예술영화
리틀 맨하탄,마크 레빈,(주)영화사 빅,2018-06-27,장편,미국,139,96947500,11909,"43,690,300","5,235",멜로/로맨스,전체관람가,일반영화
엘프,우테 폰 뮌쇼폴,(주)박수엔터테인먼트,2021-02-10,장편,독일,228,100001300,11906,"36,326,410","4,325",애니메이션,전체관람가,일반영화
마티아스와 막심,자비에 돌란,(주)엣나인필름,2020-07-23,장편,기타,91,106464420,11896,"82,123,420","8,651",드라마,15세관람가,독립/예술영화
라스트 레터,이와이 슌지,(주)스튜디오 산타클로스엔터테인먼트,2021-02-24,장편,일본,160,99599650,11889,"58,260,760","6,840",멜로/로맨스,전체관람가,독립/예술영화
갈매기,마이클 메이어,(주)뮤제엔터테인먼트,2018-12-13,장편,미국,43,97698950,11887,"68,808,350","7,773",드라마,12세관람가,독립/예술영화
내 친구 정일우,김동원,(주)시네마달,2017-10-26,장편,한국,80,75659600,11887,"35,312,300","4,823",다큐멘터리,전체관람가,독립/예술영화
씨민과 나데르의 별거,아쉬가르 파라디,(주)영화사 진진,2011-10-13,장편,기타,17,89295500,11879,"77,775,500","9,956",드라마,12세관람가,독립/예술영화
케이크메이커,오피르 라울 그라이저,알토미디어(주),2018-05-24,장편,독일,65,96832400,11876,"62,257,600","7,108",드라마,15세관람가,독립/예술영화
나이트 헌터,기타,와이드 릴리즈(주),2020-01-29,장편,기타,141,74513100,11849,"22,878,980","3,488",액션,15세관람가,일반영화
페어리테일: 봉황의 무녀,후지모리 마사야,(주)나이너스엔터테인먼트,2013-02-28,장편,일본,50,79291500,11830,"19,749,500","2,825",애니메이션,전체관람가,일반영화
윈터스 본,데브라 그래닉,(주)씨제이이엔엠,2011-01-20,장편,미국,11,93445200,11823,"58,296,200","7,232",스릴러,청소년관람불가,독립/예술영화
브리치,빌리 레이,필름메신저,2007-08-30,장편,미국,0,0,11811,0,"7,574",스릴러,15세관람가,일반영화
시스터,우슬라 마이어,그린나래미디어(주),2012-08-09,장편,프랑스,19,87788500,11808,"64,218,500","8,177",드라마,12세관람가,독립/예술영화
피쉬와 칩스 극장판,댄 크레치,(주)마인스 엔터테인먼트,2014-03-06,장편,기타,158,80252400,11802,"19,836,500","2,698",애니메이션,전체관람가,독립/예술영화
현기증,이돈구,플러스엠 엔터테인먼트,2014-11-06,장편,한국,71,79449300,11785,"29,815,300","4,273",가족,청소년관람불가,독립/예술영화
결혼하지 않아도 괜찮을까,미노리카와 오사무,프리비젼엔터테인먼트,2015-04-09,장편,일본,27,96425500,11782,"76,693,100","9,264",드라마,12세관람가,독립/예술영화
겁쟁이 페달: 더 무비,나가누마 노리히로,(주)미디어캐슬,2016-01-14,장편,일본,52,83591192,11777,"42,151,324","5,933",애니메이션,전체관람가,독립/예술영화
돈 존,조셉 고든 레빗,(주)미디어데이,2014-01-09,장편,미국,49,94451000,11774,"55,456,000","6,807",코미디,청소년관람불가,독립/예술영화
차가운 장미,필립 클로델,(주)티캐스트콘텐츠허브,2014-05-29,장편,프랑스,22,90167000,11743,"74,234,500","9,362",드라마,15세관람가,독립/예술영화
부릉! 부릉! 브루미즈: 스피더의 모험 일기,이영준,(주)삼지애니메이션,2016-12-15,장편,한국,194,89425500,11735,"25,294,700","3,349",애니메이션,전체관람가,독립/예술영화
존 레논 비긴즈-노웨어 보이,샘 테일러-우드,프리비젼엔터테인먼트,2010-12-09,장편,영국,15,87373085,11728,"67,514,800","8,915",드라마,15세관람가,독립/예술영화
미니 자이언트,마크 브라운로우,(주)박수엔터테인먼트,2016-01-28,장편,영국,46,72748500,11703,"19,327,500","2,846",애니메이션,전체관람가,독립/예술영화
하늘의 푸르름을 아는 사람이여,나가이 타츠유키,(주)넥스트엔터테인먼트월드(NEW),2022-03-16,장편,일본,121,104358500,11688,"40,768,100","4,636",애니메이션,12세관람가,독립/예술영화
장민호 드라마 최종회,기타,씨제이 씨지브이(CJ CGV)(주),2022-01-24,장편,한국,81,223662200,11687,"87,142,100","4,599",공연,전체관람가,일반영화
출동! 도토리 구조대,로스 베노커,(주)디스테이션,2019-03-28,장편,미국,260,86682260,11676,"21,038,400","2,525",애니메이션,전체관람가,독립/예술영화
세라핀,마르탱 프로보스트,(주)영화사구안,2009-06-04,장편,프랑스,4,80955534,11674,"72,720,500","10,359",전쟁,12세관람가,독립/예술영화
소명 하늘의 별,신현원,(주)에스피엠,2013-03-21,장편,한국,33,75082000,11666,"26,749,500","3,690",다큐멘터리,12세관람가,독립/예술영화
썸니아,마이크 플래너건,(주)박수엔터테인먼트,2016-05-25,장편,미국,200,92785045,11662,"28,921,045","3,433",판타지,15세관람가,독립/예술영화
범죄소년,강이관,타임스토리그룹(주),2012-11-22,장편,한국,56,81259800,11655,"36,793,800","4,969",드라마,15세관람가,독립/예술영화
검은손,박재식,(주)스톰픽쳐스코리아,2015-04-16,장편,한국,178,89815665,11650,"19,052,465","2,326",공포(호러),청소년관람불가,일반영화
퍼니셔,조나단 헨스라이,한국소니픽쳐스릴리징브에나비스타영화㈜,2004-09-10,장편,미국,0,0,11645,0,"2,638",액션,청소년관람불가,일반영화
마이 리틀 아이,마크 에반스,쇼이스트(주),2003-07-25,장편,미국,0,0,11638,0,"4,140",범죄,청소년관람불가,일반영화
"러브, 어게인",핼리 메이어스-샤이어,(주)이수C&E,2017-11-16,장편,미국,177,89873800,11628,"43,222,000","5,456",드라마,12세관람가,독립/예술영화
피그,기타,판씨네마(주),2022-02-23,장편,미국,113,106769970,11625,"66,802,570","6,790",드라마,12세관람가,독립/예술영화
리틀 애쉬 : 달리가 사랑한 그림,폴 모리슨,판씨네마(주),2010-01-14,장편,영국,12,89023200,11613,"61,208,500","7,951",드라마,청소년관람불가,독립/예술영화
트립 투 스페인,마이클 윈터바텀,아이 엠,2018-05-17,장편,영국,60,91615317,11596,"56,662,317","6,880",코미디,15세관람가,독립/예술영화
나는보리,김진유,(주)영화사 진진,2020-05-21,장편,한국,158,83320360,11579,"47,516,440","6,321",가족,전체관람가,독립/예술영화
페르세폴리스,"뱅상 파로노,마르잔 사트라피",(주)영화사 진진,2008-05-08,장편,프랑스,8,78643600,11575,"72,843,500","10,600",애니메이션,12세관람가,독립/예술영화
디시에르토,조나스 쿠아론,(주)제이앤씨미디어그룹,2016-10-05,장편,기타,119,86697500,11568,"26,742,500","3,545",드라마,15세관람가,독립/예술영화
그레텔과 헨젤,오즈 퍼킨스,(주)제이앤씨미디어그룹,2020-07-08,장편,기타,325,101464540,11564,"26,507,720","2,936",판타지,15세관람가,일반영화
주키퍼스 와이프,니키 카로,(주)영화사 빅,2017-10-12,장편,미국,100,88265946,11557,"45,397,446","5,722",드라마,12세관람가,독립/예술영화
최종병기 활 감독확장판,김한민,롯데쇼핑㈜롯데엔터테인먼트,2011-10-20,장편,한국,52,86374000,11547,"37,105,500","4,711",사극,청소년관람불가,일반영화
야곱 신부의 편지,클라우스 해로,뉴원시네마,2012-05-10,장편,기타,33,79767000,11546,"51,748,000","7,332",드라마,12세관람가,독립/예술영화
지미스 홀,켄 로치,그린나래미디어(주),2014-10-09,장편,영국,34,85661500,11545,"57,185,000","7,258",드라마,12세관람가,독립/예술영화
핫 썸머 나이츠,엘리야 바이넘,주식회사 더쿱,2018-10-18,장편,미국,173,104536350,11526,"62,955,150","6,597",드라마,15세관람가,독립/예술영화
더 게스트,미겔 앙헬 비바스,(주)스톰픽쳐스코리아,2018-09-12,장편,기타,228,101103647,11517,"32,138,997","3,615",공포(호러),청소년관람불가,독립/예술영화
청춘 돼지는 꿈꾸는 소녀의 꿈을 꾸지 않는다,마스이 소이치,(주)애니플러스,2019-08-22,장편,일본,46,95778380,11486,"47,512,630","5,405",애니메이션,12세관람가,일반영화
멜리스,김용운,(주)드림팩트엔터테인먼트,2016-02-11,장편,한국,141,90914800,11484,"19,830,000","2,343",공포(호러),15세관람가,독립/예술영화
슈퍼히어로,에두와르도 슐츠,(주)영화사 빅,2013-07-31,장편,기타,74,73535000,11469,"25,202,500","3,799",애니메이션,전체관람가,일반영화
실종,기타,(주)디스테이션,2022-06-15,장편,일본,67,105365000,11451,"65,188,900","7,257",스릴러,청소년관람불가,독립/예술영화
한여름밤의 재즈,버트 스턴,찬란,2022-09-08,장편,미국,43,118121789,11446,"94,586,589","8,955",다큐멘터리,12세관람가,독립/예술영화
오 루시!,히라야나기 아츠코,(주)엣나인필름,2018-06-28,장편,미국,114,89905400,11424,"72,891,400","9,150",멜로/로맨스,15세관람가,독립/예술영화
토르: 마법 검의 전설,기타,(주)박수엔터테인먼트,2022-05-04,장편,독일,201,89251300,11423,"25,634,300","3,827",애니메이션,전체관람가,일반영화
북극의 눈물,"허태정,조준묵",실버스푼,2009-10-15,장편,한국,44,76795707,11420,"40,419,000","6,216",다큐멘터리,전체관람가,독립/예술영화
황제펭귄 펭이와 솜이,"김진만,김재영",주식회사 마운틴픽쳐스,2012-08-08,장편,한국,55,81590500,11418,"35,832,000","4,843",다큐멘터리,전체관람가,독립/예술영화
타이치0 3D,풍덕륜,(주)영화사 빅,2013-07-04,장편,기타,116,76315000,11414,"26,837,500","3,904",코미디,12세관람가,일반영화
걸후드,셀린 시아마,(주)영화특별시에스엠씨,2020-11-12,장편,프랑스,175,98925000,11409,"52,746,500","6,282",드라마,12세관람가,독립/예술영화
해피 해피 브레드,미시마 유키코,씨네21아이(주),2012-06-28,장편,일본,9,83452000,11403,"62,487,000","7,995",드라마,전체관람가,독립/예술영화
조난자들,노영석,(주)씨제이이엔엠,2014-03-06,장편,한국,46,87965500,11402,"42,379,800","5,210",미스터리,15세관람가,독립/예술영화
살인마 잭의 집,라스 폰 트리에,(주)엣나인필름,2019-02-21,장편,기타,68,102246547,11393,"74,410,287","8,176",드라마,청소년관람불가,독립/예술영화
더 컨트랙터,타릭 살레,(주)제이앤씨미디어그룹,2022-04-28,장편,미국,161,90330780,11365,"45,063,180","6,438",액션,15세관람가,일반영화
출동! 소방관 샘: 외계인 대소동,개리 앤드류스,(주)머스트씨무비릴리징컴퍼니,2018-11-08,장편,영국,152,81998500,11364,"15,886,550","1,810",애니메이션,전체관람가,일반영화
그들 각자의 영화관,"테오 앙겔로풀로스,레이몽 드파르동,안드레이 콘찰로프스키,난니 모레티,후효현,장 피에르 다르덴,데이빗 린치,알레한드로 곤잘레스 이냐리투,장예모,아모스 기타이,제인 캠피온,아톰 에고이안,올리비에 아사야스,유세프 샤힌,라스 폰 트리에,구스 반 산트,로만 폴란스키,데이빗 크로넨버그,왕가위,압바스 키아로스타미,빌 어거스트,엘리아 술레이만,월터 살레스,빔 벤더스,첸 카이거,켄 로치,에단 코엔,라울 루이즈,기타노 다케시,차이 밍 량",(주)유레카픽쳐스,2008-05-15,장편,프랑스,10,76259500,11348,"60,280,000","8,841",코미디,15세관람가,독립/예술영화
내 곁에 있어줘,에릭 쿠,(주)씨제이이엔엠,2006-04-27,장편,기타,0,0,11343,0,"10,707",멜로/로맨스,12세관람가,독립/예술영화
수상한 이웃,이상훈,(주)스톰픽쳐스코리아,2019-10-09,장편,한국,182,63401140,11341,"12,397,380","1,520",코미디,12세관람가,독립/예술영화
심플 라이프,허안화,(주)미로비젼,2012-11-22,장편,기타,21,83971500,11316,"72,106,500","9,345",드라마,전체관람가,독립/예술영화
아뉴스 데이,앤 폰테인,찬란,2017-03-30,장편,프랑스,40,81420100,11314,"52,333,700","6,822",드라마,15세관람가,독립/예술영화
키즈모노가타리 III : 냉혈편,신보 아키유키,(주)박수엔터테인먼트,2017-05-18,장편,일본,81,88623000,11302,"39,548,000","4,732",애니메이션,15세관람가,일반영화
좋은 사람,정욱,(주)싸이더스,2021-09-09,장편,한국,140,86268420,11297,"46,767,880","6,205",미스터리,12세관람가,독립/예술영화
팬텀: 더 뮤지컬 라이브,박재석,롯데컬처웍스(주)롯데엔터테인먼트,2021-12-01,장편,한국,118,191806980,11293,"83,769,460","4,773",뮤지컬,12세관람가,일반영화
카이트,랄프 지만,(주)누리픽쳐스,2015-06-11,장편,미국,50,66844000,11287,"36,304,000","6,038",범죄,청소년관람불가,일반영화
곤충왕국 3D,"김진만,김정민",골든타이드픽처스(주),2014-08-14,장편,한국,39,84825300,11263,"44,713,400","5,631",다큐멘터리,전체관람가,독립/예술영화
스피릿,일래인 보겐,유니버설픽쳐스인터내셔널 코리아(유),2021-09-15,장편,미국,138,82733300,11236,"32,795,800","5,141",애니메이션,전체관람가,일반영화
목격자-눈이 없는 아이,심용,(주)드림팩트엔터테인먼트,2020-01-29,장편,중국,43,29313900,11235,"13,626,620","1,542",공포(호러),15세관람가,독립/예술영화
라스트 풀 메저,토드 로빈슨,(주)삼백상회,2020-05-20,장편,미국,333,88807180,11223,"27,852,360","3,532",드라마,15세관람가,독립/예술영화
나루토 질풍전 극장판 4 - 더 로스트 타워,무라타 마사히코,애니박스 엔터테인먼트,2010-12-02,장편,일본,60,75809236,11221,"21,643,500","3,131",애니메이션,전체관람가,일반영화
이대근 이 댁은,심광진,(주)프라임엔터테인먼트,2007-05-01,장편,한국,0,0,11206,0,"2,386",드라마,전체관람가,일반영화
공동정범,"김일란,이혁상",(주)엣나인필름,2018-01-25,장편,한국,73,82372300,11198,"55,193,100","7,291",다큐멘터리,15세관람가,독립/예술영화
녹색의자,박철수,(주)미로비젼,2005-06-09,장편,한국,0,0,11178,0,"8,589",드라마,청소년관람불가,독립/예술영화
마일스,돈 치들,(주)영화사 빅,2016-08-10,장편,미국,52,91150500,11164,"63,210,700","7,333",드라마,청소년관람불가,독립/예술영화
극장판 메이저 : 우정의 강속구,카토 타카오,에이원엔터테인먼트,2011-10-20,장편,일본,105,70124000,11162,"18,394,000","2,688",애니메이션,전체관람가,일반영화
닐스의 모험,오시이 마모루,에이원엔터테인먼트,2014-02-27,장편,일본,107,77024900,11161,"21,535,700","3,099",애니메이션,전체관람가,독립/예술영화
몽키킹2: 서유기 여정의 시작,정보서,THE 픽쳐스,2016-05-19,장편,중국,54,49077600,11156,"9,673,700","2,102",액션,12세관람가,일반영화
라우더 댄 밤즈,요아킴 트리에,그린나래미디어(주),2016-10-27,장편,기타,55,89283700,11143,"68,615,500","8,361",드라마,15세관람가,독립/예술영화
와즈다,하이파 알-만수르,(주)프레인글로벌,2014-06-19,장편,기타,51,79998200,11135,"46,823,000","6,146",드라마,전체관람가,독립/예술영화
익스트림 No.13,겔라 바블루아니,(주)팝파트너스,2012-10-03,장편,미국,108,80120516,11130,"25,428,016","3,339",스릴러,청소년관람불가,일반영화
스파이의 아내,구로사와 기요시,M&M 인터내셔널,2021-03-25,장편,일본,120,97795830,11118,"67,765,540","7,341",드라마,12세관람가,독립/예술영화
토이 솔져스: 가짜사나이2 더 컴플리트,오윤동,씨제이포디플렉스 주식회사,2021-01-27,장편,한국,155,108309800,11116,"33,257,000","3,287",다큐멘터리,15세관람가,일반영화
오! 마이 고스트,홍태선,(주)디스테이션,2022-09-15,장편,한국,283,87624391,11094,"42,463,498","5,675",코미디,15세관람가,독립/예술영화
소라닌,미키 타카히로,(주)스폰지이엔티,2010-08-26,장편,일본,12,82518575,11090,"61,922,500","8,302",드라마,12세관람가,독립/예술영화
무산일기,박정범,(주)영화사 진진,2011-04-14,장편,한국,7,82873400,11085,"65,526,900","8,376",드라마,15세관람가,독립/예술영화
1984 최동원,조은성,(주)트리플픽쳐스,2021-11-11,장편,한국,172,93161730,11069,"41,725,940","5,608",다큐멘터리,전체관람가,독립/예술영화
춤추는 꿈틀이 밴드,토마스 보르히 닐슨,에이원엔터테인먼트,2010-02-04,장편,기타,48,74013035,11061,"23,609,000","3,481",애니메이션,전체관람가,일반영화
교실 안의 야크,기타,주식회사 슈아픽처스,2020-09-30,장편,기타,30,93716210,11059,"61,505,580","6,721",드라마,전체관람가,독립/예술영화
오션스: 문어구출대작전,헤 질리,와이드 릴리즈(주),2019-10-03,장편,중국,191,83373580,11055,"15,532,680","1,896",애니메이션,전체관람가,일반영화
스틸라이프,지아 장 커,위드시네마,2007-06-14,장편,기타,0,0,11049,0,"9,718",드라마,12세관람가,독립/예술영화
블러바드,디토 몬티엘,주식회사 블루필름웍스,2015-08-13,장편,미국,17,86642300,11048,"54,406,900","6,671",드라마,15세관람가,독립/예술영화
나를 만나는 길,"마크 J. 프란시스,맥스 퍼그",(주)티캐스트,2022-05-12,장편,영국,53,101947800,11041,"63,380,100","6,586",다큐멘터리,전체관람가,독립/예술영화
내가 죽기 전에,"제이슨 프리먼,토드 E. 프리먼",제인앤유,2017-12-21,장편,미국,3,38207000,11038,"38,207,000","11,038",공포(호러),15세관람가,일반영화
바티칸 뮤지엄,루카 드 마타,(주)팝엔터테인먼트,2015-01-08,장편,기타,51,106215500,11027,"67,454,400","6,386",다큐멘터리,전체관람가,독립/예술영화
우리는 같은 꿈을 꾼다,일디코 엔예디,찬란,2017-11-30,장편,기타,37,85898100,11015,"60,950,400","7,547",드라마,청소년관람불가,독립/예술영화
두 개의 사랑,프랑수아 오종,(주)팝엔터테인먼트,2017-12-28,장편,프랑스,49,86881200,11014,"61,522,700","7,414",스릴러,청소년관람불가,독립/예술영화
시간을 꿈꾸는 소녀,박혁지,(주)하이하버픽쳐스,2023-01-11,장편,한국,77,85517894,11002,"51,461,097","6,466",다큐멘터리,12세관람가,독립/예술영화
스파이즈,기욤 이베르넬,(주)팝엔터테인먼트,2020-01-15,장편,프랑스,224,81267560,11000,"17,357,940","2,128",애니메이션,전체관람가,일반영화
꼬마 물고기 이자벨: 바다 대모험,사샤 버로우,와이드 릴리즈(주),2019-07-18,장편,미국,121,78359740,10998,"19,953,600","2,159",애니메이션,전체관람가,독립/예술영화
화이트데이: 부서진 결계,송운,(주)제이앤씨미디어그룹,2021-10-06,장편,한국,356,102070580,10997,"28,183,540","3,254",공포(호러),15세관람가,일반영화
모래와 안개의 집,바딤 피얼먼,미디어라인코리아,2005-04-29,장편,미국,0,0,10987,0,"2,132",드라마,15세관람가,일반영화
엔드 오브 왓치,데이비드 에이어,(주)인벤트스톤,2012-12-06,장편,미국,54,81214500,10985,"32,884,000","4,389",범죄,청소년관람불가,일반영화
마을에 부는 산들바람,야마시타 노부히로,(주)스폰지이엔티,2008-07-24,장편,일본,6,72268500,10972,"63,775,500","9,440",멜로/로맨스,전체관람가,독립/예술영화
모어,이일하,(주)엣나인필름,2022-06-23,장편,한국,54,93037900,10972,"65,126,200","7,160",다큐멘터리,15세관람가,독립/예술영화
디어 마이 프렌드,피터 허칭스,(주)팝엔터테인먼트,2019-10-09,장편,미국,136,87539100,10969,"39,796,200","4,854",드라마,12세관람가,독립/예술영화
손오공: 돌원숭이의 탄생,"스기노 아키오,후미히로 요시무라",에이원엔터테인먼트,2012-09-13,장편,일본,83,69621000,10965,"14,423,000","2,011",애니메이션,전체관람가,일반영화
사랑이 이끄는 대로,끌로드 를르슈,그린나래미디어(주),2016-09-01,장편,프랑스,45,84510900,10960,"63,200,400","7,850",코미디,청소년관람불가,독립/예술영화
모래가 흐르는 강,지율,(주)시네마달,2013-03-28,장편,한국,17,71055900,10942,"17,298,900","2,687",다큐멘터리,전체관람가,독립/예술영화
권태,세드릭 칸,㈜영화사 백두대간,2005-06-17,장편,프랑스,0,0,10935,0,"9,593",드라마,청소년관람불가,독립/예술영화
퇴마전: 마령검의 비밀,"포덕희,조천우",(주)누리픽쳐스,2015-08-27,장편,중국,50,65107000,10922,"13,387,000","2,222",판타지,15세관람가,일반영화
토이무비: 미래대모험,게리 왕,(주)영화사 빅,2018-10-03,장편,중국,176,80683600,10912,"17,950,650","2,239",애니메이션,전체관람가,독립/예술영화
써드 퍼슨 - 감독판,폴 해기스,(주)프레인글로벌,2015-05-28,장편,미국,108,87139400,10910,"53,578,000","6,579",드라마,청소년관람불가,독립/예술영화
밤쉘,알렉산드라 딘,(주)영화사 그램,2018-06-07,장편,미국,36,83823330,10907,"55,054,830","6,710",다큐멘터리,15세관람가,독립/예술영화
헬로우 마이 러브,김아론,(주)씨제이이엔엠,2009-10-08,장편,한국,39,80734606,10905,"51,171,500","6,646",멜로/로맨스,15세관람가,독립/예술영화
룩 어웨이,아사프 베른슈타인,(주)드림팩트엔터테인먼트,2019-08-21,장편,기타,50,22256800,10896,"6,104,000",684,공포(호러),15세관람가,독립/예술영화
비지터,토마스 맥카시,프리비젼엔터테인먼트,2012-11-08,장편,미국,10,83367100,10895,"73,813,600","9,487",드라마,전체관람가,독립/예술영화
녹턴,정관조,(주)시네마달,2022-08-18,장편,한국,54,76761100,10890,"42,695,900","5,731",다큐멘터리,12세관람가,독립/예술영화
나의 살던 고향은,류종헌,(주)시네마달,2016-11-24,장편,한국,62,82362100,10887,"50,619,800","6,510",다큐멘터리,전체관람가,독립/예술영화
파워캐치 완다: 버그본의 지구 습격,하시모토 미츠오,(주)에이원엔터테인먼트,2017-03-09,장편,일본,178,86394400,10881,"18,701,700","2,258",애니메이션,전체관람가,일반영화
루팡 3세: 더 퍼스트,야마자키 타카시,(주)넥스트엔터테인먼트월드(NEW),2020-05-21,장편,일본,132,80053500,10859,"29,504,500","4,898",애니메이션,전체관람가,일반영화
더 컨덕터,마리아 피터즈,(주)라이크콘텐츠,2019-11-14,장편,기타,35,91534420,10854,"67,470,140","7,953",드라마,12세관람가,독립/예술영화
이웃집 스타,김성욱,(주)스톰픽쳐스코리아,2017-09-21,장편,한국,256,78213300,10854,"19,512,300","2,377",코미디,12세관람가,일반영화
라이크 크레이지,드레이크 도레무스,(주)팝엔터테인먼트,2018-05-30,장편,미국,116,81549980,10850,"39,981,980","5,165",드라마,청소년관람불가,독립/예술영화
"혜화, 동",민용근,㈜인디스토리,2011-02-17,장편,한국,23,81228600,10843,"61,263,100","7,819",드라마,15세관람가,독립/예술영화
아이스맨,아리엘 브로멘,스크린조이,2014-03-27,장편,미국,20,10178000,10842,"2,358,000",305,범죄,청소년관람불가,일반영화
말리,케빈 맥도널드,CGV아트하우스,2012-08-02,장편,미국,13,80555500,10823,"66,978,500","8,934",드라마,12세관람가,독립/예술영화
잔칫날,김록경,(주)트리플픽쳐스,2020-12-02,장편,한국,240,83241060,10809,"31,181,890","4,166",드라마,12세관람가,독립/예술영화
일곱 개의 대죄 : 천공의 포로,아베 노리유키,(주)엠제이픽쳐스,2018-11-29,장편,일본,88,85536100,10806,"25,162,700","3,008",애니메이션,15세관람가,일반영화
더 미드와이프,마르탱 프로보스트,(주)더블앤조이픽쳐스,2018-03-22,장편,프랑스,90,82443400,10791,"53,660,400","6,822",드라마,15세관람가,독립/예술영화
택시 5,프랑크 가스탐비드,(주)삼백상회,2018-11-22,장편,프랑스,224,86093100,10768,"30,462,400","3,587",액션,15세관람가,일반영화
미스터 존스,아그네츠카 홀란드,(주)디오시네마,2021-01-07,장편,기타,277,94870400,10765,"40,040,810","4,438",드라마,15세관람가,독립/예술영화
"다시, 뜨겁게 사랑하라!",수잔 비에르,(주)마인스 엔터테인먼트,2013-01-03,장편,기타,34,79827500,10761,"43,394,000","5,782",드라마,15세관람가,독립/예술영화
시크릿 슈퍼스타,애드바이트 찬단,(주)넥스트엔터테인먼트월드(NEW),2019-10-24,장편,기타,112,86453100,10758,"44,976,400","5,389",코미디,12세관람가,독립/예술영화
토니 타키타니,이치카와 준,스폰지,2005-09-22,장편,일본,0,0,10751,0,"10,751",드라마,12세관람가,일반영화
레더페이스,"알렉상드르 뷔스티요,줄리엔 모리",(주)드림팩트엔터테인먼트,2018-01-25,장편,기타,37,32177900,10744,"3,631,500",652,공포(호러),청소년관람불가,독립/예술영화
파리 폴리,마르끄 피투시,(주)티캐스트콘텐츠허브,2015-02-26,장편,프랑스,22,82533500,10737,"66,219,900","8,395",드라마,15세관람가,독립/예술영화
제 7기사단,키리야 카즈아키,플러스엠 엔터테인먼트,2015-09-10,장편,한국,95,80160964,10710,"25,940,364","3,415",액션,15세관람가,일반영화
라임크라임,"이승환,유재욱",(주)시네마달,2021-11-25,장편,한국,25,84789800,10708,"51,640,200","6,428",드라마,15세관람가,독립/예술영화
극장판 빰바라빤쮸: 바나나 왕국의 비밀,벤피 네코,(주)스마일이엔티,2017-02-22,장편,일본,140,76934800,10681,"20,312,400","2,657",애니메이션,전체관람가,일반영화
쓰리 세컨즈,안톤 메거딕체브,(주)삼백상회,2019-06-20,장편,기타,183,83005450,10659,"38,232,710","4,368",드라마,12세관람가,일반영화
영웅본색4,딩성,(주)키다리이엔티,2018-03-22,장편,중국,110,73375200,10659,"26,373,100","3,617",액션,15세관람가,독립/예술영화
파라노만,"샘 펠,크리스 버틀러",유니버설픽쳐스인터내셔널 코리아(유),2013-02-07,장편,미국,54,73311000,10654,"30,242,000","4,376",애니메이션,12세관람가,일반영화
살아남은 아이,신동석,CGV아트하우스,2018-08-30,장편,한국,68,89138900,10652,"55,553,600","6,382",드라마,12세관람가,독립/예술영화
용서받지 못한 자,윤종빈,영화사청어람(주),2005-11-18,장편,한국,0,0,10647,0,"8,686",드라마,15세관람가,일반영화
"사랑해, 매기",에우헤니오 데르베스,와이드 릴리즈(주),2016-07-27,장편,기타,66,79763000,10646,"45,299,000","5,773",코미디,15세관람가,독립/예술영화
정말 먼 곳,박근영,그린나래미디어(주),2021-03-18,장편,한국,204,84243850,10644,"49,524,360","6,083",드라마,12세관람가,독립/예술영화
비뚤어진 집,질스 파겟-브레너,(주)팝엔터테인먼트,2019-09-19,장편,영국,135,88027560,10639,"47,844,460","5,621",범죄,15세관람가,독립/예술영화
직지코드,"우광훈,데이빗 레드먼",(주)엣나인필름,2017-06-28,장편,한국,39,71169700,10639,"38,042,300","4,798",다큐멘터리,전체관람가,독립/예술영화
해피타임 스파이,브라이언 핸슨,(주)제이앤씨미디어그룹,2019-05-23,장편,미국,60,23080360,10625,"7,627,640",830,코미디,청소년관람불가,독립/예술영화
내 남자의 순이,김호준,(주)새인컴퍼니,2010-05-27,장편,한국,100,74274657,10618,"15,711,500","2,057",코미디,15세관람가,일반영화
미래는 고양이처럼,미란다 줄리,(주)티캐스트,2012-05-17,장편,미국,17,86013500,10615,"78,643,500","9,440",드라마,청소년관람불가,독립/예술영화
슈퍼레이서 엔지,허선,(주)에이원엔터테인먼트,2015-09-10,장편,한국,126,73587800,10612,"14,157,900","1,875",애니메이션,전체관람가,일반영화
5.18 힌츠페터 스토리,장영주,(주)드림팩트엔터테인먼트,2018-05-17,장편,한국,119,72502600,10610,"36,067,700","4,336",다큐멘터리,12세관람가,독립/예술영화
라스트 키스,가브리엘 무치노,㈜영화사 백두대간,2006-07-06,장편,기타,0,0,10608,0,"10,481",멜로/로맨스,15세관람가,독립/예술영화
퍼스트 리폼드,폴 슈레이더,(주)올스타엔터테인먼트,2019-04-11,장편,미국,54,83089300,10605,"54,254,770","6,541",드라마,15세관람가,독립/예술영화
소설가의 영화,홍상수,(주)영화제작전원사,2022-04-21,장편,한국,66,96262570,10574,"70,536,900","7,478",드라마,12세관람가,독립/예술영화
아키라,오토모 가츠히로,(주)삼지애니메이션,2017-08-31,장편,일본,71,86224200,10574,"51,338,000","6,214",애니메이션,15세관람가,독립/예술영화
백투더 씨,톰 루,와이드 릴리즈(주),2014-08-21,장편,중국,85,71452300,10566,"9,568,300","1,316",애니메이션,전체관람가,독립/예술영화
르 아브르,아키 카우리스마키,찬란,2011-12-08,장편,기타,9,81524500,10560,"69,715,500","8,646",드라마,전체관람가,독립/예술영화
리틀 포레스트 2: 겨울과 봄,모리 준이치,(주)영화사 진진,2015-05-14,장편,일본,33,81416544,10557,"54,435,444","6,658",드라마,12세관람가,독립/예술영화
노 맨스 랜드,다니스 타노비치,㈜영화사 백두대간,2004-12-03,장편,프랑스,0,0,10556,0,"9,538",드라마,전체관람가,일반영화
유아 넥스트,아담 윈가드,㈜영화사 백두대간,2014-08-07,장편,미국,78,86743900,10555,"34,495,900","4,126",공포(호러),청소년관람불가,독립/예술영화
샤인 어 라이트(1st 지드래곤 콘서트),정치영,(주)와이지엔터테인먼트,2010-04-15,장편,한국,14,92618161,10516,"40,052,000","4,402",다큐멘터리,12세관람가,일반영화
데드 돈 다이,짐 자무쉬,유니버설픽쳐스인터내셔널 코리아(유),2019-07-31,장편,미국,29,82788100,10506,"51,048,300","6,251",코미디,15세관람가,독립/예술영화
추적자,무로가 아츠시,스크린조이,2014-03-06,장편,일본,5,6310000,10502,"520,000",104,범죄,청소년관람불가,일반영화
어 퍼펙트 데이,페르난도 레온 데 아라노아,(주)마노엔터테인먼트,2017-09-21,장편,기타,76,73150400,10488,"47,288,400","6,500",드라마,15세관람가,독립/예술영화
메리 셸리: 프랑켄슈타인의 탄생,하이파 알-만수르,(주)팝엔터테인먼트,2018-12-20,장편,미국,37,87282000,10487,"54,768,200","6,316",드라마,15세관람가,독립/예술영화
우주로봇 씨어,"왕장준,부걸",(주)마인스 엔터테인먼트,2015-03-12,장편,중국,185,73050900,10483,"8,922,900","1,182",애니메이션,전체관람가,독립/예술영화
멘,알렉스 가랜드,판씨네마(주),2022-07-13,장편,미국,96,95589560,10474,"64,527,560","7,347",드라마,청소년관람불가,독립/예술영화
워터 릴리스,셀린 시아마,(주)영화특별시에스엠씨,2020-08-13,장편,프랑스,89,90608032,10472,"56,223,532","6,293",드라마,15세관람가,독립/예술영화
마이 쎄시 걸,얀 사뮤엘,(주)쇼박스,2008-10-30,장편,미국,54,69825500,10448,"25,349,500","3,722",멜로/로맨스,15세관람가,일반영화
세일즈맨,아쉬가르 파라디,찬란,2017-05-11,장편,기타,55,79149300,10436,"54,661,000","6,913",드라마,15세관람가,독립/예술영화
엑스칼리버 더 뮤지컬 다큐멘터리: 도겸의 찬란한 여정,오윤동,씨제이포디플렉스 주식회사,2022-10-05,장편,한국,31,240021500,10436,"119,116,000","5,179",공연,전체관람가,일반영화
부에노스 아이레스 탱고 카페,미구엘 코한,(주)영화사 진진,2008-11-06,장편,미국,3,72267205,10424,"65,256,500","9,312",다큐멘터리,전체관람가,독립/예술영화
킹 오브 프리즘 -샤이니 세븐 스타즈- Ⅲ 레오×유우×알렉,히시다 마사카즈,동우에이앤이(주),2019-05-02,장편,일본,34,88911870,10423,"66,096,010","7,529",애니메이션,12세관람가,일반영화
해피 버스데이,요시다 야스히로,(주)티캐스트,2017-09-28,장편,일본,81,82839300,10408,"54,672,700","6,472",드라마,전체관람가,독립/예술영화
한창나이 선녀님,원호연,(주)트리플픽쳐스,2021-10-20,장편,한국,74,63438020,10398,"33,470,780","5,352",다큐멘터리,전체관람가,독립/예술영화
러브 매니지먼트,스티븐 벨버,(주)싸이더스,2009-12-31,장편,미국,43,79627703,10393,"32,620,000","4,054",멜로/로맨스,15세관람가,일반영화
깝스,요제프 파레스,인터비스앤파트너스(주),2003-11-05,장편,기타,0,0,10382,0,"3,500",코미디,12세관람가,일반영화
타다: 대한민국 스타트업의 초상,권명국,(주)넥스트엔터테인먼트월드(NEW),2021-10-14,장편,한국,73,86431380,10382,"65,262,040","7,783",다큐멘터리,전체관람가,독립/예술영화
로봇 앤 프랭크,제이크 슈레이어,(주)마인스 엔터테인먼트,2013-01-17,장편,미국,38,69243000,10379,"46,221,000","6,807",코미디,12세관람가,독립/예술영화
트라이브,미로슬라브 슬라보슈비츠키,오드,2015-01-29,장편,기타,30,80321400,10368,"52,284,200","6,416",드라마,청소년관람불가,독립/예술영화
셉템버 이슈,R.J. 커들러,(주)미로비젼,2010-01-28,장편,미국,10,79992616,10367,"70,206,700","9,041",다큐멘터리,전체관람가,독립/예술영화
빅토리아 & 압둘,스티븐 프리어스,유니버설픽쳐스인터내셔널 코리아(유),2017-10-25,장편,미국,144,73487278,10366,"38,701,778","5,283",드라마,12세관람가,독립/예술영화
음양사2,타키타 요지로,(주)아펙스 엔터테인먼트,2004-06-25,장편,일본,0,0,10362,0,124,사극,15세관람가,일반영화
폴라로이드,라스 클리브버그,(주)이수C&E,2019-06-06,장편,미국,141,89812660,10359,"24,041,930","2,710",공포(호러),15세관람가,일반영화
피와 뼈,최양일,(주)영화사 진진,2005-02-25,장편,일본,0,0,10351,0,"7,226",드라마,청소년관람불가,독립/예술영화
레 미제라블,기타,(주)영화사 진진,2021-04-15,장편,프랑스,97,85231340,10342,"56,159,750","6,731",드라마,15세관람가,독립/예술영화
최선의 삶,이우정,(주)엣나인필름,2021-09-01,장편,한국,101,89734280,10341,"54,334,340","5,950",드라마,15세관람가,독립/예술영화
트윈,타넬리 무스토넨,(주)스튜디오디에이치엘,2023-02-08,장편,기타,168,89859242,10329,"35,441,994","4,276",공포(호러),15세관람가,독립/예술영화
당신에게도 사랑이 다시 찾아올까요?,가브리엘 무치노,(주)영화사 빅,2013-10-17,장편,미국,104,70430500,10328,"34,185,000","4,790",멜로/로맨스,15세관람가,일반영화
피구의 제왕,로슨 마샬 터버,이십세기폭스필름코퍼레이션,2004-11-12,장편,미국,0,0,10320,0,"4,780",코미디,12세관람가,일반영화
토마스와 친구들: 우정의 대모험,데이비드 스토튼,와이드 릴리즈(주),2018-12-13,장편,영국,196,73707750,10315,"13,252,350","1,608",애니메이션,전체관람가,일반영화
판타스틱 플래닛,르네 랄루,㈜영화사 백두대간,2004-04-09,장편,프랑스,0,0,10306,0,"8,121",애니메이션,12세관람가,독립/예술영화
우작,누리 빌제 세일란,(주)문필름코리아,2004-11-05,장편,기타,0,0,10294,0,"8,794",드라마,15세관람가,독립/예술영화
어쩌다 룸메이트,소륜,(주)키다리이엔티,2019-11-13,장편,중국,135,81004500,10293,"37,191,000","4,643",멜로/로맨스,12세관람가,독립/예술영화
도망친 여자,홍상수,(주)영화제작전원사,2020-09-17,장편,한국,143,86573240,10284,"58,831,890","6,752",드라마,청소년관람불가,독립/예술영화
에이미,아시프 카파디아,(주)팝엔터테인먼트,2015-11-05,장편,영국,31,85009400,10278,"66,099,300","7,820",다큐멘터리,청소년관람불가,독립/예술영화
킬링 카인드: 킬러의 수제자,마틴 캠벨,(주)제이앤씨미디어그룹,2021-12-01,장편,미국,129,86888170,10273,"41,608,730","4,970",액션,15세관람가,일반영화
킹 리차드,레이날도 마르쿠스 그린,워너브러더스 코리아(주),2022-03-24,장편,미국,156,99918100,10266,"50,886,300","5,068",가족,12세관람가,일반영화
"아이, 토냐",크레이그 질레스피,(주)영화사 진진,2018-03-08,장편,미국,186,81657900,10261,"49,255,300","5,944",드라마,청소년관람불가,독립/예술영화
미싱타는 여자들,"이혁래,김정영",(주)영화사 진진,2022-01-20,장편,한국,39,83357720,10240,"63,714,100","7,721",다큐멘터리,전체관람가,독립/예술영화
너와 파도를 탈 수 있다면,유아사 마사아키,플러스엠 엔터테인먼트,2020-07-08,장편,일본,257,88566980,10210,"38,541,700","4,218",애니메이션,12세관람가,독립/예술영화
수상한 교수,웨인 로버츠,(주)제이앤씨미디어그룹,2019-08-15,장편,미국,105,86723830,10206,"50,477,370","5,802",코미디,15세관람가,독립/예술영화
귀멸의 칼날: 장구저택 편,소토자키 하루오,(주)박수엔터테인먼트,2022-09-15,장편,일본,100,100213500,10205,"29,492,200","3,032",애니메이션,15세관람가,일반영화
소년 아메드,"장 피에르 다르덴,뤽 다르덴",(주)영화사 진진,2020-07-30,장편,프랑스,82,79983687,10178,"55,880,227","6,818",드라마,12세관람가,독립/예술영화
최후의 툰드라-극장판,"장경수,김종일,이승재",(주)에스비에스콘텐츠허브,2011-02-17,장편,한국,39,67143500,10169,"32,191,500","4,871",다큐멘터리,전체관람가,독립/예술영화
"아무튼, 아담",기타,(주)비싸이드 픽쳐스,2020-07-02,장편,미국,110,69943500,10167,"28,124,000","4,051",드라마,15세관람가,독립/예술영화
난폭한 기록,하원준,(주)케이티알파,2019-07-11,장편,한국,152,72854090,10153,"39,544,880","6,183",범죄,청소년관람불가,독립/예술영화
피의 연대기,김보람,KT&G 상상마당 영화사업팀 컴퍼니에스에스(주),2018-01-18,장편,한국,38,79380200,10145,"61,178,500","7,318",다큐멘터리,12세관람가,독립/예술영화
일대일,김기덕,(주)김기덕 필름,2014-05-22,장편,한국,53,78745100,10141,"37,147,500","4,706",드라마,청소년관람불가,독립/예술영화
그 사람 추기경,전성우,주식회사 마운틴픽쳐스,2014-08-06,장편,한국,43,71284100,10138,"38,177,100","5,170",다큐멘터리,전체관람가,독립/예술영화
드래프트 데이,이반 라이트만,(주)영화사 빅,2014-07-10,장편,미국,82,74216200,10119,"43,559,500","5,509",드라마,12세관람가,일반영화
네루다,파블로 라라인,(주)에스와이코마드,2017-05-25,장편,기타,37,79054700,10113,"54,469,000","6,536",스릴러,청소년관람불가,독립/예술영화
마리 앙투아네트,소피아 코폴라,한국소니픽쳐스릴리징브에나비스타영화㈜,2007-05-17,장편,미국,0,0,10107,0,"9,760",드라마,15세관람가,독립/예술영화
사랑의 선물,김규민,(주)한마음프로덕션,2019-08-15,장편,한국,8,59942460,10106,"43,784,260","8,106",드라마,15세관람가,독립/예술영화
오버 더 펜스,야마시타 노부히로,주식회사 씨네룩스,2017-03-16,장편,일본,72,79884850,10103,"55,015,550","6,757",드라마,15세관람가,독립/예술영화
나비잠,정재은,(주)트리플픽쳐스,2018-09-06,장편,한국,91,85180950,10101,"55,018,450","6,247",멜로/로맨스,15세관람가,독립/예술영화
인 디 아일,토마스 스터버,M&M 인터내셔널,2018-11-22,장편,독일,11,86532900,10098,"63,171,400","7,189",드라마,15세관람가,독립/예술영화
폴라로이드,주호성,와이드 릴리즈(주),2015-07-16,장편,한국,27,65317000,10094,"17,064,500","2,530",드라마,전체관람가,일반영화
량강도 아이들,"김성훈,정성산",(주)영화사샘,2011-11-17,장편,한국,34,67824000,10091,"19,616,500","2,666",코미디,전체관람가,독립/예술영화
캔 유 킵 어 시크릿?,기타,(주)팝엔터테인먼트,2019-11-07,장편,미국,176,83579500,10090,"31,000,700","3,671",멜로/로맨스,15세관람가,일반영화
빛과 철,배종대,찬란,2021-02-18,장편,한국,161,82096760,10079,"48,501,660","5,769",드라마,12세관람가,독립/예술영화
세 번째 사랑,리처드 J. 루이스,주식회사 마운틴픽쳐스,2012-01-12,장편,기타,15,79548000,10075,"61,727,500","7,736",멜로/로맨스,청소년관람불가,독립/예술영화
배드 사마리안,딘 데블린,(주)영화사 빅,2018-10-18,장편,미국,159,85345800,10074,"35,349,600","4,020",스릴러,15세관람가,독립/예술영화
안티고네,소피 드라스프,그린나래미디어(주),2020-11-19,장편,기타,130,88869360,10060,"53,330,380","6,067",드라마,15세관람가,독립/예술영화
사이렌,츠츠미 유키히코,(주)아미가스필름,2006-07-20,장편,일본,0,0,10055,0,"4,916",공포(호러),15세관람가,일반영화
신문기자,후지이 미치히토,(주)팝엔터테인먼트,2019-10-17,장편,일본,128,81471660,10050,"41,718,460","4,939",드라마,12세관람가,독립/예술영화
사랑은 비가 갠 뒤처럼,나가이 아키라,(주)디스테이션,2019-02-07,장편,일본,100,84113620,10046,"38,272,750","4,540",드라마,전체관람가,독립/예술영화
극장판 시그널,하시모토 하지메,트윈플러스파트너스(주),2022-03-31,장편,일본,90,61115200,10041,"31,131,900","5,105",드라마,12세관람가,독립/예술영화
눈발,조재민,(주)리틀빅픽쳐스,2017-03-01,장편,한국,69,84806300,10039,"53,613,400","6,099",드라마,15세관람가,독립/예술영화
이니셜 D,"유위강,맥조휘",미디어라인코리아,2006-03-01,장편,기타,0,0,10036,0,"4,356",액션,15세관람가,일반영화
나의 어머니,난니 모레티,(주)티캐스트,2015-08-20,장편,기타,30,76569151,10031,"59,303,651","7,301",드라마,12세관람가,독립/예술영화
타이페이 카페 스토리,샤오 야 췐,찬란,2011-07-07,장편,기타,10,76832900,10023,"58,237,900","7,316",드라마,전체관람가,독립/예술영화
테라 3D: 인류 최후의 전쟁,아리스토메니스 치바스,주식회사 마운틴픽쳐스,2010-11-04,장편,미국,48,106210549,10023,"44,666,000","4,216",애니메이션,전체관람가,일반영화
글로리아 벨,세바스찬 렐리오,소니픽쳐스엔터테인먼트코리아주식회사극장배급지점,2019-06-06,장편,미국,48,77962520,10021,"46,754,220","5,790",드라마,15세관람가,독립/예술영화
미 앤 유 앤 에브리원,미란다 줄라이,(주)동숭아트센터,2006-01-27,장편,미국,0,0,10018,0,"8,992",코미디,15세관람가,독립/예술영화
